version: 1
creator: callgrind-3.10.1
pid: 21316
cmd:  ./um ../umbin/midmark.um
part: 1


desc: I1 cache: 
desc: D1 cache: 
desc: LL cache: 

desc: Timerange: Basic block 0 - 4507001584
desc: Trigger: Program termination

positions: line
events: Ir
summary: 31092026985


ob=(5) /lib64/libm-2.12.so
fl=(52) ???
fn=(240) 0x00000030d3203f10
0 6

fn=(234) 0x00000030d3203e70
0 6

fn=(246) 0x00000030d3243f80
0 11

fn=(676) 0x00000030d3203e90
0 10
cob=(3) /lib64/libc-2.12.so
cfi=(96) /usr/src/debug/glibc-2.12-2-gc4ccff1/stdlib/cxa_finalize.c
cfn=(638) __cxa_finalize
calls=1 31 
0 62
cob=(1) /lib64/ld-2.12.so
cfi=(55) /usr/src/debug////////glibc-2.12-2-gc4ccff1/elf/../sysdeps/x86_64/dl-trampoline.S
cfn=(282) _dl_runtime_resolve
calls=1 30 
0 1529
0 5
0 13

ob=(3)
fl=(51) /usr/src/debug/glibc-2.12-2-gc4ccff1/stdlib/bsearch.c
fn=(228) bsearch
27 104
+7 162
+2 54
+2 54
-2 54
+1 216
+1 108
cfi=(50) /usr/src/debug/glibc-2.12-2-gc4ccff1/string/../sysdeps/x86_64/cacheinfo.c
cfn=(230) intel_02_known_compare
calls=54 152 
* 378
+1 108
+2 8
+1 8
-8 24
+14 72

fl=(93) /usr/src/debug/glibc-2.12-2-gc4ccff1/libio/fputc.c
fn=(570) fputc
35 181
+3 181
-3 362
+3 2534
+1 543
fi=(88) /usr/src/debug/glibc-2.12-2-gc4ccff1/libio/libioP.h
968 362
+1 1991
fe=(93)
42 543
-3 543
cfi=(78) /usr/src/debug/glibc-2.12-2-gc4ccff1/libio/genops.c
cfn=(572) __overflow
calls=181 246 
* 7889
* 362

fl=(87) /usr/src/debug////////glibc-2.12-2-gc4ccff1/misc/../sysdeps/unix/syscall-template.S
fn=(488) munmap
82 12
+1 3

fn=(450) mmap
82 20
+1 4

fl=(96)
fn=(638)
31 6
+18 3
-18 3
+18 3
-18 15
+4 12
+4 18
-4 9
+32 12
+4 18
-4 9
+12 6
+3 3
-2 3
+2 18
-2 3
cfi=(97) /usr/src/debug/glibc-2.12-2-gc4ccff1/nptl/../nptl/sysdeps/unix/sysv/linux/unregister-atfork.c
cfn=(640) __unregister_atfork
calls=3 -43 
* 45

fl=(63) /usr/src/debug/glibc-2.12-2-gc4ccff1/malloc/malloc.c
fn=(358) alloc_perturb
2577 174780

fn=(370) calloc
4040 3
-13 3
+13 3
-3 3
+3 3
-13 18
+10 3
+3 6
+8 6
+1 6
+15 36
+7 3
+8 3
-7 6
+7 6
+14 9
cfn=(346) _int_malloc
calls=3 4281 
* 486
+5 3
-5 3
+5 3
+76 27
-58 6
+1 12
+3 6
+7 3
-4 3
+4 6
+11 3
-3 3
+3 12
+10 3
+1 6
+3 6
+7 3
-3 3
+1 3
+1 3
+1 3
+3 1
-2 1
+1 1
+1 1
-24 9

fn=(498) free
3694 2862204
+1 2862204
+5 2862204
+6 1414843
-3 1414843
+3 2829686
+15 4244523
+2 2829682
cfn=(500) _int_free
calls=1414841 4806 
* 98364377
-14 14
+4 4
+1 2
-1 2
+1 4
3562 6
+1 2
+6 12
+10 2
-3 2
+1 2
+2 2
cfi=(87)
cfn=(488)
calls=2 82 
* 10
* 16259

fn=(346)
4281 12733659
+30 11318808
+4 2829702
+14 2829702
+1 4244448
+1 1414816
+2 1414816
+4 2829632
-6 1369484
+9 2738968
-9 1369484
+9 4108452
+1 1369484
-1 1369484
+1 2738968
+5 6847420
2577 1371156
4493 1371156
2577 2742312
4790 1371166
+4 11318808
4373 90734
+1 45356
+1 45356
-1 45356
+1 45356
-1 45356
+1 90712
+2 136068
+1 872
+3 435
+1 870
+6 435
+1 435
+2 435
-4 435
+4 870
+22 92
+1 33
+1 20
cfn=(348) malloc_consolidate
calls=5 5140 
* 978077
* 10
4768 5
-2 5
+2 10
-2 5
+2 15
-2 5
+2 50
4457 5
4768 25
4434 5
4768 15
4442 5
4768 5
4457 10
4768 10
4434 5
4768 44927
-2 44927
+2 89854
-2 44927
+2 134781
-2 44927
+2 449270
4457 44927
4768 224635
4434 44927
4768 134781
4442 44927
4768 44927
4457 89854
4768 89854
4434 44927
4768 2
4434 1
+67 2737
+1 2737
+1 13685
-1 2737
+1 2737
-1 2737
+1 5474
+45 2737
+4 2737
-3 2737
-1 2737
+7 2737
-5 2737
+1 2737
+1 2737
+3 2737
-7 47
+4 47
-3 47
-1 47
+7 47
-5 47
+1 47
+1 47
+3 47
4434 143151
+3 32853
-2 32853
+1 131412
+8 32853
+10 127562
+34 4021
-5 4021
+1 4021
+4 4021
+12 5568
+6 438
+1 25
+1 25
+3 50
-5 40
+1 5
+1 5
+3 10
+5 22
-3 22
+3 44
+5 3
-1 3
+1 3
+1 12
+4 57
+6 38
+6 1
-1 1
+1 1
+1 1
+1 2
+2 38
-36 207
+1 4
+1 4
+3 8
-5 91
+1 13
+1 13
+3 26
+34 100
-89 30606
-2 122406
+6 28832
+1 57664
+4 28832
-3 86496
+1 28832
+1 57664
+1 28832
+2 27544
+1 27544
+3 27544
+3 27544
+4 27544
-7 165264
+2 55088
-2 27544
+2 27544
+4 27544
+1 55088
cfn=(358)
calls=27544 2577 
* 110176
-7 1288
+3 1288
+4 1288
-7 7728
+2 2576
-2 1288
+2 1288
+4 1288
+1 2576
cfn=(358)
calls=1288 2577 
* 5152
* 28832
+1 28832
+27 88
+28 36
+30 44592
+70 14864
+4 14864
-4 14864
+2 14864
-1 14864
+3 14864
-2 14864
+2 14864
-1 14864
-2 14864
+3 14864
-1 14864
-2 29728
+8 72797
+2 153864
+2 153948
+2 256
+5 64
-5 128
+5 126
+1 62
+1 62
-2 124
+1 3454
+1 3454
-2 11144
+7 2182
+3 4364
+1 119
+1 119
+1 119
-2 357
+59 119
4506 7
4742 12801
+1 25602
+2 25602
+17 22
+1 5
cfn=(348)
calls=1 5140 
* 9363
+5 1
-3 4
+3 1
-3 1
4490 1237
-1 1237
+1 2474
+75 44
+3 35
4671 2063
+8 6189
-8 2063
+5 4126
+3 16810
+3 4126
+13 1766
+1 3532
-6 1766
+17 1766
-6 1766
+1 1766
+2 1766
-1 1766
+4 1766
+1 1766
+1 3532
+2 45
+1 45
+2 45
+3 45
-3 270
+2 90
-2 45
+2 90
-2 1721
+3 1721
-3 10326
+2 3442
-2 1721
+2 3442
4413 72
-76 2738968
4684 297
-1 297
+1 594
+36 2063
+1 6189
cfn=(358)
calls=2063 2577 
* 8252
* 2063
+1 2063
4413 9
-34 4
cfn=(348)
calls=1 5140 
* 670
* 3
+34 16
4788 40
cfn=(350) sYSMALLOc
calls=10 2993 
* 1412
* 10
+1 40
+1 30
cfn=(358)
calls=10 2577 
* 40
* 10
-41 25580
-2 12790
+2 25580
-1 12790
+1 25580
+2 12790
-2 12790
+2 12790
-2 12790
+5 12790
-5 12790
+2 12790
+4 38370
cfn=(358)
calls=12790 2577 
* 51160
* 12790
+1 12790

fn=(502) sYSTRIm
3488 2
+12 1
-12 5
+9 1
-1 1
+1 2
+3 5
+2 2
+34 1
+6 7

fn=(334) malloc
3646 7074200
+5 2829680
+1 2829680
+3 9903873
+2 4244517
cfn=(346)
calls=1414839 4281 
* 87420415
+1 1414839
-1 1414839
+1 4244517
+18 2829678
+1 5659356
+5 8489034
-27 8489034
-2 1
+29 4
-29 1
cfi=(64) /usr/src/debug/glibc-2.12-2-gc4ccff1/malloc/hooks.c
cfn=(336) malloc_hook_ini
calls=1 36 
* 61027

fn=(335) malloc'2
3646 5
+5 2
+1 2
+3 7
+2 3
cfn=(346)
calls=1 4281 
* 1061
+1 1
-1 1
+1 3
+18 2
+1 4
+5 6
-27 6

fn=(552) realloc
3745 90
+7 20
+1 20
+4 18
+4 18
+5 9
-2 9
+2 9
+2 9
-2 9
+2 18
+3 27
+6 54
+8 72
+3 18
+68 81
-41 54
+8 45
cfn=(556) _int_realloc
calls=9 5259 
* 1184781
* 9
+2 36
+4 36
-75 1
3856 7
3754 1
cfi=(64)
cfn=(554) realloc_hook_ini
calls=1 48 
* 1687

fn=(553) realloc'2
3745 9
+7 2
+1 2
+4 2
+4 2
+5 1
-2 1
+2 1
+2 1
-2 1
+2 2
+3 3
+6 6
+8 8
+3 2
+68 9
-41 6
+8 5
cfn=(556)
calls=1 5259 
* 1583
* 1
+2 4
+4 4

fn=(350)
2993 90
+21 20
+13 46
+15 8
+7 4
+2 14
cfi=(87)
cfn=(450)
calls=2 82 
* 12
+2 4
+27 6
+5 10
+1 2
+2 2
+1 2
-1 2
+1 2
+1 2
+9 2
3471 80
3111 8
+25 8
-24 8
-1 8
+1 8
+24 16
3449 24
+1 8
+8 40
+4 16
-2 8
+2 16
-1 8
+1 16
+1 8
-1 8
+1 8
-1 16
+1 8
+2 16
3106 16
+92 8
+8 8
+11 16
-19 48
+19 16
+8 8
-8 8
+8 8
+28 2
-27 48
cfi=(69) /usr/src/debug/glibc-2.12-2-gc4ccff1/malloc/morecore.c
cfn=(352) __default_morecore
calls=8 48 
* 383
+2 8
-2 8
+2 32
+2 16
+1 16
3470 16
3276 16
+2 16
3113 8
3284 8
-6 8
+6 22
+1 35
+2 4
3392 1
-1 1
+1 3
+1 1
+11 2
3287 2
+42 5
+19 1
+7 2
-4 2
+1 2
+3 1
-3 2
+3 2
cfi=(69)
cfn=(352)
calls=1 48 
* 27
+12 4
+5 2
+1 2
+97 2
3277 2

fn=(348)
5140 72
+22 18
+1 24
+2 8
+17 8
+2 16
+3 16
+4 16
-4 144
+4 192
+25 8136
-1 8136
+1 74811
+4 42231
+4 42231
-3 42231
+1 42231
+2 42231
+1 5226
+1 5226
+3 5226
+1 5226
+1 5226
-2 5226
+3 5226
-3 5226
+12 5226
-3 5226
+3 5226
-12 37005
+1 37005
+1 37005
-2 37005
+3 37005
-3 37005
+12 37005
-3 37005
+3 37009
-3 4
+3 4
-41 42235
-3 42235
+3 84470
+1 42235
+1 84470
+2 84470
+1 30939
+2 30939
-1 30939
+2 323112
+3 84470
+3 84462
+4 68190
+26 304
-7 4
+1 4
-1 12
2491 3
+5 3
+5 1
+2 1
-2 1
+2 1
5250 72
2492 1
5136 2
2492 3
-2 2
+2 378
-2 253
+10 3

fn=(556)
5259 80
+22 10
-22 10
+21 10
+1 10
-1 10
+1 10
-1 20
+21 10
+1 10
+1 20
-1 10
+1 20
+7 10
+83 10
-83 10
+8 20
+11 16
5496 70
5318 2
+2 2
-2 4
+21 32
cfn=(346)
calls=8 4281 
* 1055530
* 8
+1 32
+3 8
+1 8
+5 16
+11 8
+1 8
+2 16
+3 16
+22 32
cfn=(500)
calls=8 4806 
* 751
+5 16
-72 8
+2 2
-2 4
+2 2
-2 6
+1 4
+1 2
+2 4
+42 16
cfi=(92) /usr/src/debug////////glibc-2.12-2-gc4ccff1/string/../sysdeps/x86_64/memcpy.S
cfn=(558) memcpy
calls=8 56 
* 129453
* 8

fn=(500)
4806 12733641
+15 1414849
-15 1414849
+15 2829698
+6 8489094
+17 2829698
+13 2829698
+11 1414817
+1 1414817
-1 2829634
+1 1414817
-1 2829634
2584 4244451
4899 4244451
+1 2829634
+1 1414817
+4 1414817
-4 1414817
+10 9903719
+9 5659268
+2 1414817
+2 8488902
+2 2829634
5119 11318600
4955 64
+2 128
+19 96
+6 32
-10 32
+10 32
+8 96
+7 64
-1 32
+1 64
2584 96
5007 64
+1 7
+2 7
-1 7
+2 70
+3 64
+5 62
+1 89
+1 8
+10 8
+1 8
+1 16
-2 23
+1 23
+1 46
+7 31
-2 31
+1 31
+1 31
+2 15
+1 15
+2 15
+3 15
-2 15
+2 15
+1 15
-1 15
+31 30
-34 16
+3 16
-2 16
+2 16
+1 16
-1 16
+31 34
+1 10
+3 15
4966 192
+57 46
+77 96
+2 96
+17 192
-34 25
+2 3
cfn=(502)
calls=1 3488 
* 27
* 1
-27 1
+2 1
-1 4
+20 4
cfn=(348)
calls=2 +59 
* 739399
* 2
-61 7
-36 32
-2 32
+2 64
-2 64

fl=(44) /usr/src/debug/glibc-2.12-2-gc4ccff1/csu/../sysdeps/unix/sysv/linux/init-first.c
fn=(210) _init
52 6
+6 1
-6 2
+6 2
+17 1
fi=(46) /usr/src/debug/glibc-2.12-2-gc4ccff1/csu/../sysdeps/unix/sysv/linux/x86_64/init-first.c
-40 2
fe=(44)
+38 1
+1 1
fi=(46)
-41 2
fe=(44)
+42 1
fi=(46)
-42 3
+2 1
cfi=(45) /usr/src/debug/glibc-2.12-2-gc4ccff1/elf/../sysdeps/unix/sysv/linux/dl-vdso.c
cfn=(212) _dl_vdso_vsym
calls=1 -8 
* 8
+8 1
-5 2
+5 1
-5 1
+2 2
+1 1
+2 1
cfi=(45)
cfn=(212)
calls=1 -16 
* 8
fe=(44)
+46 3
fi=(46)
-45 2
+1 1
fe=(44)
+44 1
cfi=(47) /usr/src/debug/glibc-2.12-2-gc4ccff1/misc/init-misc.c
cfn=(216) __init_misc
calls=1 -58 
* 58
+8 1
cfi=(49) /usr/src/debug/glibc-2.12-2-gc4ccff1/elf/soinit.c
cfn=(220) __libc_global_ctors
calls=1 -78 
* 2009
+2 6
-32 1
-9 1
+9 4

fl=(47)
fn=(216)
31 3
+1 1
-1 1
+1 4
+2 3
cfi=(48) /usr/src/debug////////glibc-2.12-2-gc4ccff1/string/../sysdeps/x86_64/strrchr.S
cfn=(218) __GI_strrchr
calls=1 -8 
* 34
+1 2
+3 3
+1 3
+2 4

fl=(58) /usr/src/debug/glibc-2.12-2-gc4ccff1/stdlib/cxa_atexit.c
fn=(292) __new_exitfn
73 1
+6 1
-6 1
+6 5
+2 5
+2 3
-2 1
+10 1
-10 3
+45 1
+1 1
+3 4
+3 3
-35 2
+14 1
+1 2

fn=(290) __cxa_atexit
57 2
-22 1
+22 5
-22 1
cfn=(292)
calls=1 +38 
* 35
+2 3
+4 2
+3 1
-1 1
+2 1
+2 2
+12 6

fl=(45)
fn=(212)
27 2
+1 4
+4 4
+14 2
+4 4

fl=(71) /usr/src/debug/glibc-2.12-2-gc4ccff1/misc/../sysdeps/unix/sysv/linux/x86_64/brk.c
fn=(356) brk
29 9
+3 54
+2 27
+7 18

fl=(94) /usr/src/debug/glibc-2.12-2-gc4ccff1/stdlib/exit.c
fn=(602) exit
99 5
-57 3
+36 3
-32 1
+32 1
-32 1
+32 3
-32 1
+32 1
-32 1
+3 2
+1 5
+33 1
+1 1
-1 1
+1 1
+7 6
cfi=(78)
cfn=(696) _IO_cleanup
calls=1 1007 
* 256
* 3
+2 2
cfi=(98) /usr/src/debug/glibc-2.12-2-gc4ccff1/posix/../sysdeps/unix/sysv/linux/_exit.c
cfn=(706) _Exit
calls=1 -64 
* 5
-19 1
+4 1
-4 2
+4 1
-2 2
+2 1
cob=(1)
cfi=(95) /usr/src/debug/glibc-2.12-2-gc4ccff1/elf/dl-fini.c
cfn=(604) _dl_fini
calls=1 +55 
* 5402
* 1

fl=(98)
fn=(706)
29 2
+4 1
+2 2

fl=(92)
fn=(558)
56 12
+2 12
+2 12
+3 5
+1 5
+11 5
+1 5
+11 5
+1 5
+11 5
+1 5
+2 5
+1 5
+2 5
+1 5
+5 5
+1 5
+23 5
+8 12
+6 12
+2 12
+1 12
+26 12
+1 12
+73 12
+1 12
+1 12
+5 12
+1 12
+4 12
+1 12
+2 21399
+1 12
+6 12
+1 12
+1 12
+3 4
+6 4
+1 4
+2 4
+13 8
+1 8
+1 8
+3 8
+1 8
+1 8
+1 8
+2 8
+2 8
+2 8
+2 8
+3 8
+1 8
+69 3289
+2 3289
+1 3289
+1 3289
+1 3289
+1 3289
+1 3289
+1 3289
+1 3289
+2 3289
+1 3289
+2 3289
+1 3289
+1 3289
+1 3289
+1 3289
+1 3289
+1 3289
+1 3289
+2 3289
+1 3289
+2 3289
+2 3288
+2 3288
+1 3288
+1 3288
+1 3288
+1 3288
+1 3288
+1 3288
+1 3288
+2 3288
+1 3288
+2 3288
+1 3288
+1 3288
+1 3288
+1 3288
+1 3288
+1 3288
+1 3288
+2 3288
+1 3288
+2 3288
+3 8
+2 8
+2 8
+2 8
+6 8
+1 8
+1 8
+2 8
+6 8
+1 8
+2 3

fl=(82) /usr/src/debug/glibc-2.12-2-gc4ccff1/string/../string/strstr.c
fn=(424) __GI_strstr
53 9
+10 3
+2 2
fi=(83) /usr/src/debug/glibc-2.12-2-gc4ccff1/string/../string/str-two-way.h
273 1
fe=(82)
89 9
-26 3

fl=(67) /usr/src/debug/glibc-2.12-2-gc4ccff1/elf/dl-addr.c
fn=(342) _dl_addr
127 9
+5 1
-5 2
+5 2
cob=(1)
cfi=(2) /usr/src/debug/glibc-2.12-2-gc4ccff1/elf/rtld.c
cfn=(42) rtld_lock_default_lock_recursive
calls=1 836 
* 2
+3 5
+1 4
+1 18
31 2
+1 2
+3 3
+5 1
+6 1
-6 1
+1 3
+2 3
+3 1
+5 3
+74 1
-74 1
+74 4
-72 1
+19 1
-18 2
-1 1010
+19 1010
-18 2020
+2 3600
+14 1257
+2 3771
-10 2514
+1 1257
-1 4314
+1 900
-1 1800
+2 4314
-2 4314
+3 6462
-3 5538
+3 615
-3 1278
+3 16
-3 32
+3 599
-3 3355
+10 5325
-21 4042
+85 12
-36 2
+1 2
+1 2
+3 2
+41 2
cob=(1)
cfi=(2)
cfn=(44) rtld_lock_default_unlock_recursive
calls=1 842 
* 2
+3 9
-32 1
+1 3

fl=(79) /usr/src/debug/glibc-2.12-2-gc4ccff1/libio/fileops.c
fn=(446) _IO_file_stat
1225 2
+2 6
cfi=(86) /usr/src/debug/glibc-2.12-2-gc4ccff1/io/../sysdeps/unix/sysv/linux/wordsize-64/fxstat.c
cfn=(448) _fxstat
calls=2 37 
* 20

fn=(440) _IO_file_underflow@@GLIBC_2.2.5
537 8
+8 6
+6 6
+3 4
+13 4
+20 4
cfi=(78)
cfn=(454) _IO_switch_to_get_mode
calls=2 188 
* 40
+6 2
+5 8
-5 4
+1 2
+1 6
+3 2
cfn=(456) _IO_file_read
calls=2 1200 
* 26
+2 4
+10 2
-3 2
+3 4
+2 4
+1 8
-56 3
+5 2
cfi=(78)
cfn=(442) _IO_doallocbuf
calls=1 419 
* 90
* 2

fn=(492) _IO_file_finish@@GLIBC_2.2.5
205 1
+1 1
-1 1
+1 1
+6 2
+1 1
-1 1
cfi=(78)
cfn=(494) _IO_default_finish
calls=1 687 
* 24

fn=(574) _IO_file_overflow@@GLIBC_2.2.5
829 905
+1 181
-1 181
+1 362
+7 1082
+35 362
+3 362
+3 181
+1 181
-1 362
+1 724
+5 181
+1 905
-45 2
+12 3
+9 2
+4 1
+4 1
-1 1
-5 1
+1 1
+4 1
-3 1
+1 1
+3 1
-3 2
+3 3
+1 3
+9 21
+3 7
-1 21
cfn=(578) _IO_do_write@@GLIBC_2.2.5
calls=7 493 
* 637
* 14
-39 2
cfi=(78)
cfn=(442)
calls=1 419 
* 101
+1 6

fn=(580) _IO_file_write@@GLIBC_2.2.5
1261 7
+2 7
-2 42
+2 7
-2 7
+2 14
+11 7
-11 14
+2 14
+3 28
cfi=(81) /usr/src/debug////////glibc-2.12-2-gc4ccff1/io/../sysdeps/unix/syscall-template.S
cfn=(582) write
calls=7 82 
* 49
+1 14
+9 21
+3 42
-6 21

fn=(412) _IO_file_init@@GLIBC_2.2.5
147 3
+5 1
-1 1
-4 1
+4 1
+3 1
cfi=(78)
cfn=(414) _IO_link_in
calls=1 -50 
* 77
+1 1
+1 4

fn=(456)
1200 2
+1 4
+2 2
+1 2
-1 2
cfi=(81)
cfn=(458) read
calls=2 82 
* 14

fn=(480) _IO_file_close_it@@GLIBC_2.2.5
162 1
+2 1
-2 2
+2 1
-2 1
+2 1
+3 5
+6 2
cfi=(78)
cfn=(482) _IO_unsave_markers
calls=1 1118 
* 5
+2 3
cfn=(484) _IO_file_close
calls=1 1252 
* 7
* 1
+4 3
+9 5
cfi=(78)
cfn=(452) _IO_setb
calls=1 404 
* 34
+1 2
+3 1
-3 1
+1 3
+2 1
cfi=(78)
cfn=(478) _IO_un_link
calls=1 64 
* 10
+5 1
-4 1
+1 1
+1 1
+2 1
+1 5

fn=(484)
1252 2
cfi=(81)
cfn=(486) __close_nocancel
calls=1 82 
* 5

fn=(416) _IO_file_fopen@@GLIBC_2.2.5
257 9
+11 2
415 7
270 3
+25 1
-10 1
+10 1
-10 1
+10 16
-25 4
+65 1
227 2
+4 3
cfi=(81)
cfn=(420) open
calls=1 82 
* 7
* 1
+4 2
+3 1
-1 1
+1 2
+1 2
-1 1
+1 1
+7 2
cfi=(78)
cfn=(414)
calls=1 104 
* 11
+97 3
cfi=(82)
cfn=(424)
calls=1 53 
* 27
* 1
+1 3
fi=(80) /usr/src/debug/glibc-2.12-2-gc4ccff1/libio/../iconv/gconv_charset.h
39 1
fe=(79)
288 2
+13 2

fn=(578)
493 42
+1 7
-1 14
+1 14
+2 42
+11 21
+7 28
+8 35
cfn=(580)
calls=7 1261 
* 294
+1 7
-1 7
+1 14
+5 7
-2 7
+2 7
-2 21
+1 14
+1 7
-34 7
+34 7
-34 7
+29 14
+5 14

fn=(700) _IO_file_setbuf@@GLIBC_2.2.5
445 2
+1 1
cfi=(78)
cfn=(702) _IO_default_setbuf
calls=1 562 
* 63
* 2
+4 1
-1 3
+2 3
+3 3

fn=(704) _IO_file_sync@@GLIBC_2.2.5
891 1
+5 1
-5 1
+5 3
+2 1
+1 2
+17 2
+4 2

fl=(50)
fn=(224) handle_intel
307 4
+9 2
-9 16
+8 2
+1 4
+8 4
+5 2
-5 4
+5 2
+7 10
cfn=(226) intel_check_word
calls=2 163 
* 1564
+1 4
+3 10
cfn=(226)
calls=2 163 
* 194
+1 4
-10 2
+1 2
-1 4
+27 16

fn=(226)
163 44
+1 8
+8 4
-2 32
+14 20
+53 16
+36 40
-1 8
+1 8
cfi=(51)
cfn=(228)
calls=8 27 
* 1350
+2 16
+22 8
172 16
+2 10
+2 20
-4 2
302 32
196 10
+5 15
-5 2
+11 10
+23 3
-34 15
+5 6
+4 8
+2 10
+8 2
+2 4
+2 28
-12 3
-6 1
-5 1
+9 2
+2 4

fn=(222) init_cacheinfo
538 4
+13 3
+7 2
747 5
560 3
cfn=(224)
calls=1 307 
* 900
+4 2
-4 1
+4 1
cfn=(224)
calls=1 307 
* 950
+2 1
-2 1
+2 2
+29 1
-18 1
+18 3
+7 6
+6 2
-6 12
+6 6
+3 20
+2 1
+6 6
+7 1
-7 1
+38 2
+75 2
+3 2
+1 1
+1 1
-1 2
+4 2
+3 2
+1 1
+1 1
-1 3
-86 7
-1 3
-31 8
+2 2
+2 8
+2 4
+5 1
+2 2
+1 1
-1 1
+1 4
+1 1

fn=(230)
152 216
+3 108
+1 54

fl=(70) /usr/src/debug/glibc-2.12-2-gc4ccff1/misc/sbrk.c
fn=(354) sbrk
35 45
+8 60
+4 18
+4 32
+3 8
cfi=(71)
cfn=(356)
calls=8 -25 
* 96
-3 16
+7 54
-14 2
cfi=(71)
cfn=(356)
calls=1 -15 
* 12
* 4

fl=(69)
fn=(352)
48 9
+1 9
cfi=(70)
cfn=(354)
calls=9 -14 
* 347
+1 27
+3 18

fl=(86)
fn=(448)
37 2
-1 2
+1 2
+1 12
+4 2

fl=(64)
fn=(336)
36 1
-1 2
+1 1
+1 1
cfi=(65) /usr/src/debug/glibc-2.12-2-gc4ccff1/malloc/arena.c
cfn=(338) ptmalloc_init
calls=1 470 
* 59916
+1 1
+1 1
-1 1
cfi=(63)
cfn=(335)
calls=1 3646 
* 1103

fn=(554)
48 3
+1 1
-1 2
+1 1
+1 2
+1 1
cfi=(65)
cfn=(338)
calls=1 470 
* 16
+1 2
+1 3
-1 1
cfi=(63)
cfn=(553)
calls=1 3745 
* 1655

fl=(68) /usr/src/debug/glibc-2.12-2-gc4ccff1/nptl/../nptl/sysdeps/unix/sysv/linux/register-atfork.c
fn=(344) __linkin_atfork
117 1
+2 4
-1 3
+2 1

fl=(49)
fn=(220)
19 1
+7 1
-7 5
+1 1
cfi=(50)
cfn=(222)
calls=1 538 
* 1996
-1 3
+10 2

fn=(694) __libc_fini
19 1
+17 1
-17 2
+20 2

fl=(57) /usr/src/debug/glibc-2.12-2-gc4ccff1/csu/libc-start.c
fn=(288) (below main)
96 7
+10 1
-10 3
+10 3
+52 1
-52 1
+52 1
+1 4
cfi=(58)
cfn=(290)
calls=1 57 
* 60
+22 4
+3 2
+1 5
cob=(7) /h/aholto01/Desktop/comp40/um/um_final/um
cfi=(54) ???
cfn=(294) __libc_csu_init
calls=1 0 
* 64
+4 4
+15 2
+9 2
cfi=(59) /usr/src/debug////////glibc-2.12-2-gc4ccff1/setjmp/../sysdeps/x86_64/bsd-_setjmp.S
cfn=(320) _setjmp
calls=1 34 
* 29
+1 2
+5 2
+1 2
+3 2
+3 5
cob=(7)
cfi=(62) /h/aholto01/Desktop/comp40/um/um_final/um.c
cfn=(326) main
calls=1 63 
* 31091693918
106 2

fl=(41) /usr/src/debug/glibc-2.12-2-gc4ccff1/csu/../sysdeps/x86_64/multiarch/init-arch.c
fn=(166) __init_cpu_features
53 1
-8 1
+8 1
+3 1
-3 1
+3 3
+70 1
+1 1
+2 1
+1 2
-74 2
+9 1
-33 3
+6 1
-6 1
+6 1
-6 1
+7 1
+30 1
-30 1
-7 1
+37 1
-31 1
+27 2
-26 1
+30 1
+1 1
-38 1
+32 1
+6 1
+5 2
+3 1
+1 2
+11 2
+12 4
-23 9

fl=(76) /usr/src/debug/glibc-2.12-2-gc4ccff1/io/../sysdeps/unix/sysv/linux/wordsize-64/xstat.c
fn=(388) _xstat
37 1
-1 1
+1 1
+1 6
+4 1

fl=(48)
fn=(218)
26 1
+1 1
+1 1
+1 1
+1 1
+1 1
+1 1
+1 1
+1 1
+1 1
+1 1
+1 1
+1 1
+1 1
+1 1
+1 1
+1 1
+1 1
+1 1
+1 1
+1 1
+1 1
+1 1
+13 1
+1 1
+1 1
+1 1
+7 1
+1 1
+1 1
+1 1
+1 1
+1 1
+1 1

fl=(40) /usr/src/debug////////glibc-2.12-2-gc4ccff1/string/../sysdeps/x86_64/multiarch/strcmp.S
fn=(168) strncasecmp
124 1
+1 1
+3 1
+1 1
+1 1
+5 1

fn=(164) strcasecmp
106 1
+1 1
+1 1
cfi=(41)
cfn=(166)
calls=1 -55 
* 57
+2 1
+1 1
+1 1
+5 1

fl=(84) /usr/src/debug/glibc-2.12-2-gc4ccff1/libio/getc.c
fn=(434) getc
37 120440
+3 120440
-3 120440
+3 1686160
+1 722634
fi=(88)
968 240880
+1 1324840
fe=(84)
44 361320
-3 4
cfi=(78)
cfn=(436) __uflow
calls=2 368 
* 318
* 4

fl=(61) /usr/src/debug/glibc-2.12-2-gc4ccff1/setjmp/sigjmp.c
fn=(324) __sigjmp_save
30 1
-1 2
+1 2
+5 1
-5 1
+5 2

fl=(81)
fn=(420)
82 2
cfn=(422) __open_nocancel
calls=1 * 
* 5

fn=(582)
82 14
cfn=(584) __write_nocancel
calls=7 * 
* 35

fn=(422)
82 5

fn=(458)
82 4
cfn=(460) __read_nocancel
calls=2 * 
* 10

fn=(486)
82 5

fn=(584)
82 35

fn=(460)
82 10

fl=(90) /usr/src/debug/glibc-2.12-2-gc4ccff1/libio/iofclose.c
fn=(476) fclose@@GLIBC_2.2.5
43 3
+14 1
-14 1
+14 2
+3 16
+1 2
fi=(88)
968 2
+1 6
fe=(90)
66 4
cfi=(79)
cfn=(492)
calls=1 205 
* 32
+1 3
+18 6
+2 1
+1 2
cfi=(63)
cfn=(498)
calls=1 3694 
* 143
* 1
+4 5
-10 2
-20 2
cfi=(79)
cfn=(480)
calls=1 162 
* 100
* 3
-4 1
cfi=(78)
cfn=(478)
calls=1 +6 
* 80
* 2
fi=(88)
969 6
fe=(90)

fl=(66) /usr/src/debug/glibc-2.12-2-gc4ccff1/misc/../sysdeps/unix/sysv/linux/getpagesize.c
fn=(340) getpagesize
35 5
+16 1

fl=(85) /usr/src/debug/glibc-2.12-2-gc4ccff1/libio/filedoalloc.c
fn=(444) _IO_file_doallocate
88 8
+15 12
cfi=(79)
cfn=(446)
calls=2 1225 
* 28
* 4
+2 8
+11 3
+1 6
+3 12
cfi=(87)
cfn=(450)
calls=2 -38 
* 12
* 6
+1 8
cfi=(78)
cfn=(452)
calls=2 404 
* 34
* 2
+2 8
-13 1
fi=(99) /usr/src/debug/glibc-2.12-2-gc4ccff1/libio/../sysdeps/unix/sysv/linux/sys/sysmacros.h
-65 6
fe=(85)
+65 1
-2 2
+8 1
-3 1
+3 2

fl=(97)
fn=(640)
37 3
-8 9
+11 6
+1 12
+5 3
-6 6
+82 6

fl=(78)
fn=(442)
419 2
+1 2
-1 2
+1 2
+6 4
-4 4
+1 6
cfi=(85)
cfn=(444)
calls=2 88 
* 165
* 4

fn=(482)
1118 2
+19 2
+1 1

fn=(436)
368 2
+2 2
-2 2
+2 5
+6 6
+3 8
+2 6
+6 4
+5 4
+2 4
+1 2
-1 4
cfn=(438) _IO_default_uflow
calls=2 +46 
* 267
-24 2

fn=(438)
440 2
-1 4
+1 2
cfi=(79)
cfn=(440)
calls=2 +97 
* 243
+1 4
+2 8
+1 4

fn=(414)
104 8
+1 6
+4 1
-2 2
+2 5
+1 11
+1 1
+1 15
+4 1
+2 1
-4 1
+1 1
-1 1
+4 7
+2 1
-1 1
+1 9
+1 2
+3 8
-6 6

fn=(454)
188 4
-1 4
+1 2
+3 6
+5 2
-1 4
+1 2
+7 2
-4 2
+2 6
+2 2
+2 4

fn=(696)
1007 1
+3 1
-3 4
+3 1
cfn=(698) _IO_flush_all_lockp
calls=1 823 
* 77
-59 1
+59 1
-59 2
+11 2
-9 12
+1 2
-1 7
+9 13
+7 5
+10 5
cfi=(79)
cfn=(700)
calls=1 445 
* 78
+2 2
+6 3
-36 9
+71 7
-51 1
+4 1
-4 1
+2 1
+2 1
-2 1
+3 1
-2 1
+2 3
+6 12

fn=(408) _IO_no_init
648 9
+1 1
cfn=(410) _IO_old_init
calls=1 -13 
* 24
+3 1
-2 1
+2 1
+2 1
+1 1
+1 1
+1 1
+1 1
+1 1
+1 1
+1 1
+1 1
+1 1
+1 1
+1 1
+2 1
+3 1
+1 6

fn=(410)
636 1
-21 1
+1 1
-1 1
+2 1
+1 1
+1 1
+17 1
-16 1
+1 1
+1 1
+1 1
+1 1
+1 1
+2 1
+1 1
+1 1
+1 1
+1 1
+5 1
+1 4

fn=(478)
64 12
+1 6
+4 6
+1 11
+1 1
+1 15
+2 3
+2 2
+14 1
+2 8
+2 1
-1 1
+1 9
+1 2
+3 12
-6 6
-14 1
+2 1
-2 2

fn=(572)
246 543
+1 1
+1 3
cfi=(79)
cfn=(574)
calls=1 829 
* 162
* 540
cfi=(79)
cfn=(574)
calls=180 829 
* 6640

fn=(452)
404 16
+1 4
-1 4
+1 12
+4 4
-2 4
+1 4
+1 4
+3 2
+1 8
-3 2
+3 8
-7 7
cfi=(87)
cfn=(488)
calls=1 82 
* 5
* 3

fn=(698)
823 2
+6 1
-6 6
+6 2
+6 1
-1 1
+2 2
-2 1
+2 3
+33 2
+4 9
-37 8
+6 2
-4 2
+4 5
-4 1
+4 2
+14 3
-2 3
+2 3
+7 6
-21 12

fn=(702)
562 5
+1 1
-1 2
+1 1
cfi=(79)
cfn=(704)
calls=1 891 
* 13
* 2
+2 2
+2 1
+1 5
cfn=(452)
calls=1 404 
* 19
+7 3
+1 3
+2 6

fn=(494)
687 2
+2 3
+6 3
+3 3
+6 1
+6 1
-6 1
cfn=(478)
calls=1 64 
* 10

fl=(59)
fn=(320)
34 1
+2 1
cfi=(60) /usr/src/debug////////glibc-2.12-2-gc4ccff1/setjmp/../sysdeps/x86_64/setjmp.S
cfn=(322) __sigsetjmp
calls=1 -10 
* 27

fl=(65)
fn=(338)
470 12
+8 6
634 14
479 1
-66 1
+2 1
+1 1
+1 1
+1 1
cfi=(66)
cfn=(340)
calls=1 35 
* 6
522 1
418 1
+96 1
-93 1
+1 1
+91 1
+1 1
+8 1
+8 2
+1 1
-3 1
+3 1
-1 1
+1 10
cfi=(68)
cfn=(344)
calls=1 117 
* 9
+11 2
+2 5
+16 2
385 118
+16 59
-18 180
625 2
+5 2
+1 2
+2 2
524 5
cfi=(67)
cfn=(342)
calls=1 127 
* 59453
-2 2
+2 1
-2 2
385 18

fl=(60)
fn=(322)
26 1
+2 1
+1 2
+1 1
+4 1
+1 1
+1 1
+1 1
+1 1
+2 2
+2 1
+1 1
+2 2
+2 1
+9 1
cfi=(61)
cfn=(324)
calls=1 -26 
* 9

fl=(77) /usr/src/debug/glibc-2.12-2-gc4ccff1/libio/../libio/iofopen.c
fn=(404) __fopen_internal
68 7
+8 1
-8 1
+8 1
cfi=(63)
cfn=(334)
calls=1 3646 
* 190
* 1
+2 1
-2 1
+2 1
+3 1
+3 5
-3 1
+3 1
cfi=(78)
cfn=(408)
calls=1 648 
* 57
+4 1
+1 1
-1 1
+1 1
cfi=(79)
cfn=(412)
calls=1 +58 
* 90
+4 5
cfi=(79)
cfn=(416)
calls=1 257 
* 121
* 2
+2 1
+5 5
-5 1
cfn=(428) __fopen_maybe_mmap
calls=1 -50 
* 4

fn=(428)
45 1
-2 1
+2 1
+15 1

fn=(402) fopen@@GLIBC_2.2.5
107 2
cfn=(404)
calls=1 -39 
* 502

ob=(1)
fl=(30) /usr/src/debug/glibc-2.12-2-gc4ccff1/io/../sysdeps/unix/sysv/linux/wordsize-64/xstat.c
fn=(116) _xstat
37 8
-1 8
+1 8
+1 48
+4 2
-4 24

fl=(34) /usr/src/debug/glibc-2.12-2-gc4ccff1/string/../string/memcmp.c
fn=(128) bcmp
322 2
+7 2
-7 10
+7 2
+34 4
+6 4
+1 4
-3 4
+2 56
+1 28
-3 14
-4 34
+13 14

fl=(23) /usr/src/debug////////glibc-2.12-2-gc4ccff1/setjmp/../sysdeps/x86_64/setjmp.S
fn=(78) __sigsetjmp
26 8
+2 8
+1 16
+1 8
+4 8
+1 8
+1 8
+1 8
+1 8
+2 16
+2 8
+1 8
+2 16
+2 8
+4 8
+1 8

fl=(31) /usr/src/debug/glibc-2.12-2-gc4ccff1/elf/dl-cache.c
fn=(122) _dl_cache_libcmp
170 105
-29 70
+2 105
+20 105
+2 70
+4 35
+1 70
cfn=(123) _dl_cache_libcmp'2
calls=35 * 
* 2847

fn=(123)
170 510
-29 350
+2 510
+2 15
+6 10
+1 5
-1 5
+2 5
-1 10
+1 15
+1 4
-1 4
+2 5
+1 4
-1 20
+2 10
+6 495
+2 330
+4 135
+1 270
cfn=(123)
calls=135 * 
* 7931
+3 10
+1 5
-8 120

fn=(118) _dl_load_cache_lookup
186 27
+8 6
+3 9
+45 6
+6 9
+16 9
+12 3
-20 3
+8 3
+12 3
-12 3
+12 6
-20 3
+20 9
-20 3
+20 578
cfn=(122)
calls=30 170 
* 2812
* 165
-76 4
cfi=(24) /usr/src/debug/glibc-2.12-2-gc4ccff1/elf/dl-misc.c
cfn=(120) _dl_sysdep_read_whole_file
calls=1 44 
* 68
+8 2
+1 1
-1 2
+1 3
-1 13
+8 1
-3 1
+3 3
+3 1
+1 2
-1 1
+1 1
+2 2
-2 22
+56 67
cfn=(122)
calls=2 170 
* 162
* 18
cfn=(122)
calls=3 170 
* 433
* 113
+16 12
+4 6
+8 6
cfi=(8) /usr/src/debug////////glibc-2.12-2-gc4ccff1/string/../sysdeps/x86_64/rtld-strlen.S
cfn=(14) strlen
calls=3 29 
* 203
* 3
+1 3
-1 12
+1 6
cfi=(32) /usr/src/debug////////glibc-2.12-2-gc4ccff1/string/../sysdeps/x86_64/strcpy.S
cfn=(124) strcpy
calls=3 32 
* 267
+1 6
cfi=(33) /usr/src/debug/glibc-2.12-2-gc4ccff1/string/strdup.c
cfn=(126) strdup
calls=3 41 
* 348
+1 24

fn=(178) _dl_unload_cache
316 1
+1 4
+2 2
cfi=(27) /usr/src/debug////////glibc-2.12-2-gc4ccff1/misc/../sysdeps/unix/syscall-template.S
cfn=(180) munmap
calls=1 82 
* 5
+1 1
+2 2

fl=(33)
fn=(126)
41 12
+1 3
cfi=(8)
cfn=(14)
calls=3 -13 
* 117
* 3
+1 6
cfi=(13) /usr/src/debug/glibc-2.12-2-gc4ccff1/elf/dl-minimal.c
cfn=(32) malloc
calls=3 +52 
* 87
* 3
+2 6
+3 6
+1 6
-1 3
+1 3
-1 3
cfi=(14) /usr/src/debug////////glibc-2.12-2-gc4ccff1/string/../sysdeps/x86_64/memcpy.S
cfn=(38) memcpy
calls=3 +8 
* 90

fl=(11) /usr/src/debug/glibc-2.12-2-gc4ccff1/elf/dl-object.c
fn=(40) _dl_add_to_namespace_list
33 20
+2 5
-2 5
+2 5
cfi=(2)
cfn=(42)
calls=5 836 
* 10
+2 34
+3 56
+2 4
+2 4
+4 4
+4 4
-4 8
+1 8
+3 4
-2 4
+3 12
-1 4
cfi=(2)
cfn=(44)
calls=4 842 
* 8
-4 1
+4 1
-4 2
+1 2
+3 1
-2 1
+3 3
-1 1
cfi=(2)
cfn=(44)
calls=1 842 
* 2
-5 2

fn=(24) _dl_new_object
62 45
+2 5
-2 20
+2 5
cfi=(8)
cfn=(14)
calls=5 -35 
* 266
+6 5
-6 5
+7 10
+6 20
cfi=(13)
cfn=(28) calloc
calls=5 +34 
* 251
* 5
+3 5
-3 5
+3 10
+4 5
+5 5
-6 5
+4 5
+2 5
-5 5
+3 5
+2 10
cfi=(14)
cfn=(38)
calls=5 -33 
* 142
+2 5
-2 5
+5 5
-1 5
-2 5
+3 20
+3 5
-3 5
+3 5
+9 5
-7 5
+4 5
+3 5
-46 5
+48 2
-2 2
+2 30
-2 30
+18 10
-6 5
+6 5
-5 5
+5 5
-6 5
+6 20
+2 16
+3 11
+4 12
+4 24
+8 1
+6 1
-3 2
+3 6
-3 8
+3 8
+2 8
cfi=(8)
cfn=(14)
calls=4 29 
* 214
* 4
+4 4
-4 4
+4 4
+64 4
+7 45
70 10
+1 40
+66 4
-39 10
223 6
-86 1
-4 1
+4 2
+24 8
cfi=(13)
cfn=(32)
calls=4 -66 
* 116
* 4
+1 4
-1 4
+1 12
+45 12
cfi=(14)
cfn=(58) mempcpy
calls=4 56 
* 143
* 4
+6 132
-1 66
+1 70
-1 4
+1 4
+2 8
+3 8

fl=(6) /usr/src/debug/glibc-2.12-2-gc4ccff1/elf/../sysdeps/unix/sysv/linux/x86_64/brk.c
fn=(10) brk
29 1
+3 4
+2 2
-2 1
+2 1
+7 2

fl=(25) /usr/src/debug////////glibc-2.12-2-gc4ccff1/io/../sysdeps/unix/syscall-template.S
fn=(106) close
82 20
+1 5

fn=(90) open
82 68
+1 17
+1 72

fn=(108) access
82 4
+1 1
+1 6

fn=(92) read
82 16
+1 4

fl=(56) /usr/src/debug/glibc-2.12-2-gc4ccff1/elf/../elf/dl-runtime.c
fn=(284) _dl_fixup
73 15
+6 30
-6 15
+6 15
-6 45
+6 15
+1 15
-4 15
+5 15
-2 15
-3 15
+4 15
+1 15
-1 60
+10 30
+4 45
+5 84
+1 42
+8 60
+7 30
+3 150
cfi=(4) /usr/src/debug/glibc-2.12-2-gc4ccff1/elf/dl-lookup.c
cfn=(156) _dl_lookup_symbol_x
calls=15 724 
* 20312
* 15
+4 45
+4 60
+6 105
+8 15
+7 60
+4 45
fi=(7) /usr/src/debug/glibc-2.12-2-gc4ccff1/elf/../sysdeps/x86_64/dl-machine.h
+85 15
fe=(56)
-81 90
-55 2

fl=(32)
fn=(124)
32 3
+1 3
+1 3
+2 3
+2 3
+1 3
+3 3
+1 3
+1 3
+1 3
-3 7
+1 7
+1 7
+1 7
+1 10
+1 10
+1 10
+1 10
+3 3
+8 3
+1 3
+1 3
+1 3
+3 3
+1 3
+1 3
+1 3
+3 3
+2 3
+1 3
+3 3
+1 3
+1 3
+1 3
+3 3
+1 3
+1 3
+1 3
+3 3
+2 1
+1 1
+3 1
+1 1
+1 1
+1 1
+3 1
+1 1
+1 1
+1 1
+3 1
+30 11
+1 11
+1 11
+1 8
+1 8
+1 8
+1 8
+1 8
+1 8
+1 8
+6 3
+2 3

fl=(4)
fn=(158) do_lookup_x
83 2061
+1 229
-6 229
+5 687
-5 2061
+12 229
231 229
+3 229
+39 229
-42 229
+3 229
99 229
-3 229
+1 229
+2 229
+3 229
-3 229
+3 229
-3 677
-3 677
+1 677
+2 677
+3 677
-3 677
+3 677
+4 1842
+4 1806
+4 1806
+7 2709
+4 903
+1 903
227 903
125 1806
+1 1806
227 903
+1 1806
+4 462
+3 462
-3 924
+3 1386
+1 462
+3 924
-1 924
+1 462
-1 924
+21 257
+24 1368
470 2052
+1 418
-1 1156
+4 2071
+4 1832
288 1700
+4 477
+13 219
+1 219
-1 219
+1 657
+1 219
471 490
cfi=(24)
cfn=(84) _dl_name_match_p
calls=98 301 
* 4725
-1 490
263 1764
+6 4410
+4 9560
cfn=(162) check_match.12445
calls=1195 133 
* 42348
+1 5975
-3 5905
-2 4952
-27 1320
+1 440
+2 1519
+10 579
-7 2010
+2 410
+1 205
-1 205
+1 820
-1 615
+1 820
cfn=(162)
calls=205 133 
* 21719
+1 2154
fi=(39) /usr/src/debug/glibc-2.12-2-gc4ccff1/elf/../sysdeps/generic/dl-hash.h
30 229
+2 916
+3 229
-1 229
+1 687
+2 687
+1 916
+2 687
+1 916
+2 687
+1 916
+2 880
+1 12138
+3 15304
+1 7652
+13 3826
+1 11478
-18 220
fe=(4)
264 458

fn=(6) _dl_setup_hash
873 18
+5 4
+3 8
+2 4
-1 4
+4 4
+4 8
-4 4
+1 8
+2 4
+1 4
+2 4
+2 12
-7 4
+7 8
+1 4
+3 6
+2 2
+2 2
+1 2
+1 2
+2 2
-4 2
+4 4

fn=(156)
724 687
485 229
724 1374
485 229
724 1145
485 1145
+1 458
-1 229
+1 687
-1 687
+1 9466
-1 4733
+1 14199
-1 14657
730 229
+9 229
-13 458
+1 458
+12 916
+6 2061
+8 20
-8 50
+2 3435
cfn=(158)
calls=229 83 
* 222460
+3 458
-5 229
+33 458
+23 657
+1 438
-1 876
+39 438
-3 438
+14 657
+3 657
1023 219
859 219
+1 219
+1 1832
-81 70
+17 20
+1 10
+54 2

fn=(162)
133 8400
+1 2800
+2 2800
+2 2391
-2 1594
+12 2391
+3 1594
+5 219
-1 219
+1 219
-1 219
+1 219
+2 226
+19 226
+1 565
+1 113
-1 226
+1 339
cfi=(15) /usr/src/debug////////glibc-2.12-2-gc4ccff1/string/../sysdeps/x86_64/strcmp.S
cfn=(46) strcmp
calls=113 -44 
* 9746
-1 226
+46 9800
-73 3085
cfi=(15)
cfn=(46)
calls=617 -16 
* 7953
* 1851
+64 1156
-9 212
+2 212
+1 212
-1 848
-72 2800
+79 1206

fl=(14)
fn=(58)
56 39
+4 39
+3 39
+1 39
+2 16
+1 16
+2 16
+1 16
+5 16
+1 16
-1 23
+1 23
+2 15
+1 15
+2 15
+1 15
+5 15
+1 15
-1 24
+1 24
+2 14
+1 14
+2 14
+1 14
+5 14
+1 14
-1 25
+1 25
+2 15
+1 15
+2 15
+1 30
+5 15
+1 15
-1 24
+1 36
+5 12
+1 12
+1 12
+1 12
+2 12
+2 12
+1 12
+2 12
+6 39
+4 39
+12 1
+2 1
+1 1
+26 1
+1 1
+3 1
+1 1
+1 1
+5 1
+2 1
+1 1
+1 1
+1 1
+2 1
+1 1
+1 1
+1 1
+2 1
+1 1
+2 1
+2 1
+2 1
+1 1
+1 1
+1 1
+2 1
+1 1
+1 1
+1 1
+2 1
+1 1
+2 2
+5 1
+2 1

fn=(38)
56 23
+2 23
+2 23
+3 23
+1 23
+2 5
+1 5
+2 5
+1 5
+5 5
+1 5
-1 18
+1 18
+2 4
+1 4
+2 4
+1 8
+5 4
+1 4
-1 19
+1 19
+2 3
+1 3
+2 3
+1 3
+5 3
+1 3
-1 20
+1 20
+2 11
+1 11
+2 11
+1 11
+5 11
+1 11
-1 12
+1 24
+5 12
+1 12
+1 12
+1 12
+2 12
+2 12
+1 12
+2 12
+8 23
+8 4
+6 4
+2 4
+1 4
+3 1
+1 2
+5 1
+1 1
+2 1
+2 1
+1 1
+2 2
+9 1
+1 1
-1 3
+1 3
+3 4
+1 4
+1 4
+5 4
+2 4
+1 4
+1 4
+1 4
+2 4
+1 4
+1 4
+1 4
+2 4
+1 4
+2 4
+2 3
+2 3
+1 3
+1 3
+1 3
+2 3
+1 3
+1 3
+1 3
+2 3
+1 3
+2 6
+5 3
+6 3
+1 3
-7 1
+6 1
+1 1

fl=(10) /usr/src/debug/glibc-2.12-2-gc4ccff1/elf/dl-environ.c
fn=(22) _dl_next_ld_env_entry
31 3
+3 11
+2 118
+11 57
-13 172
+17 1
-15 20
+6 2
-3 2
+3 2
+2 2

fl=(26) /usr/src/debug/glibc-2.12-2-gc4ccff1/io/../sysdeps/unix/sysv/linux/wordsize-64/fxstat.c
fn=(96) _fxstat
37 5
-1 5
+1 5
+1 30
+4 5

fl=(18) /usr/src/debug/glibc-2.12-2-gc4ccff1/elf/dl-load.c
fn=(88) open_verify
1581 192
+36 16
-36 32
+36 62
+21 80
cfi=(25)
cfn=(90)
calls=16 82 
* 152
+1 16
-1 16
+1 16
+11 12
-1 4
+1 16
cfi=(25)
cfn=(92)
calls=4 82 
* 20
* 8
+7 12
-7 4
+7 4
+16 50
+2 4
-2 56
+60 8
+5 8
+2 12
+6 8
+7 4
+1 4
+1 4
-2 16
+1 12
+16 16
+15 8
-15 168
+1 61
+4 15
+1 9
+14 21
+2 9
+5 2
+1 2
-13 69
+16 4
+6 2
-3 2
+1 2
+1 2
+1 4
+1 2
-1 4
-3 2
+1 2
+1 8
-2 2
+3 4
+14 144
-56 2
-92 12
cfi=(34)
cfn=(128)
calls=2 322 
* 178
* 8

fn=(54) _dl_init_paths
633 1
+15 2
-15 8
+15 3
cfi=(5) /usr/src/debug/glibc-2.12-2-gc4ccff1/elf/../elf/dl-sysdep.c
cfn=(56) _dl_important_hwcaps
calls=1 354 
* 328
+4 1
-4 1
+4 1
cfi=(13)
cfn=(32)
calls=1 95 
* 29
* 1
+2 1
-2 2
+2 1
+7 5
+4 4
cfi=(13)
cfn=(32)
calls=1 95 
* 29
* 1
* 1
+3 3
+29 1
-22 2
+22 3
-2 2
-21 1
+1 1
+22 3
-8 1
-4 1
-2 2
+11 1
-6 1
-3 1
+1 1
+3 1
+1 1
+4 1
-5 1
-4 1
-2 2
+11 1
-6 1
-3 1
+1 1
+3 1
+1 1
+4 27
+1 2
-1 6
+1 2
-1 24
+1 4
-1 12
+3 10
+7 1
+4 1
-5 1
+6 2
+4 3
+32 4
+8 3
cfi=(19) /usr/src/debug////////glibc-2.12-2-gc4ccff1/string/../sysdeps/x86_64/strchr.S
cfn=(60) index
calls=1 26 
* 34
* 2
+2 2
cfi=(8)
cfn=(14)
calls=1 29 
* 84
* 8
cfi=(14)
cfn=(38)
calls=1 56 
* 31
* 1
+17 6
+2 1
+1 2
+1 1
-4 3
+2 26
+1 52
+1 26
-4 79
+7 1
cfi=(13)
cfn=(32)
calls=1 95 
* 29
* 1
+2 1
-2 1
+2 1
+6 7
cfn=(62) fillin_rpath
calls=1 387 
* 997
+4 3
+6 1
+4 8
-72 1
-2 1
+2 2
+11 2

fn=(114) open_path
1835 24
+1 3
-1 15
+7 3
-7 3
+1 3
+6 6
+5 12
+52 6
-52 3
+52 3
-52 21
+75 9
-63 18
+7 24
cfi=(14)
cfn=(58)
calls=6 56 
* 174
+1 6
-1 6
+1 42
+20 16
-20 118
+3 48
+4 72
cfi=(14)
cfn=(58)
calls=12 56 
* 226
* 48
cfi=(14)
cfn=(58)
calls=12 56 
* 276
* 12
-1 12
+7 24
+3 84
cfn=(88)
calls=12 1581 
* 564
* 12
+2 36
+26 16
+2 12
+39 6
-41 6
+41 30
+7 6
-2 6
+2 30
-67 16
+1 48
+79 8
-80 16
+7 16
+3 8
-3 8
+3 24
cfi=(30)
cfn=(116)
calls=8 37 
* 98
-1 16
+1 4
-1 4
+3 12
+7 24
+65 27
-14 9
+10 6
-66 6

fn=(62)
387 16
+4 3
cfi=(13)
cfn=(64) strsep
calls=1 -66 
* 286
* 6
cfi=(13)
cfn=(64)
calls=2 -66 
* 244
* 9
+3 4
cfi=(8)
cfn=(14)
calls=2 29 
* 89
+4 2
-4 2
+4 2
+15 4
+29 21
+1 10
-38 8
+5 6
+51 6
+3 8
cfi=(13)
cfn=(32)
calls=2 95 
* 58
* 2
+3 2
-3 2
+3 2
+4 2
+2 6
-2 4
+2 2
cfi=(14)
cfn=(58)
calls=2 56 
* 58
* 2
+3 2
-2 4
+2 2
+1 1
+5 2
+1 1
-1 2
+1 2
-1 2
+1 1
-1 2
+1 26
+1 1
-1 3
+1 1
-1 20
-98 2
+98 3
+1 11
-1 6
+4 2
-1 4
+1 2
+7 4
+1 2
+3 6
+5 1
+3 9
-14 4
-9 3

fn=(94) _dl_map_object_from_fd
836 48
+11 4
-11 4
+11 4
-11 4
+11 4
cfi=(20) /usr/src/debug/glibc-2.12-2-gc4ccff1/elf/dl-debug.c
cfn=(66) _dl_debug_initialize
calls=4 52 
* 36
+4 12
-4 4
+4 4
cfi=(26)
cfn=(96)
calls=4 37 
* 40
* 8
+11 28
+1 12
-1 42
+1 56
+17 8
+25 8
+10 8
+22 20
+35 28
cfi=(11)
cfn=(24)
calls=4 62 
* 1847
+1 4
-1 4
+1 4
-54 4
+65 4
-65 4
+65 4
+1 4
+4 4
-4 4
+1 8
+2 16
+1 12
+1 8
+22 4
+8 4
-25 4
+17 4
+8 8
-8 16
+8 8
-8 4
+8 8
-8 4
+8 8
+99 8
-47 4
+47 12
-47 4
+47 12
-98 52
+6 12
+1 16
-8 240
+1 164
+70 3
+4 1
+1 2
+1 3
+4 2
+3 2
+7 2
-3 2
+6 1
cfi=(21) /usr/src/debug/glibc-2.12-2-gc4ccff1/elf/dl-tls.c
cfn=(130) _dl_next_tls_modid
calls=1 53 
* 6
* 3
+1 1
+58 6
+1 6
-5 8
+1 4
1038 40
+6 16
+1 8
-1 32
+7 24
+11 8
+1 8
-1 8
+1 8
-1 16
+1 8
+1 56
+2 24
+1 24
+1 24
+4 8
-4 8
+4 20
+5 36
+11 4
-11 36
+11 4
-56 6
+1 2
+67 4
+78 16
985 4
1191 8
985 4
1191 16
+2 4
-2 4
+2 4
+19 32
cfi=(27)
cfn=(98) mmap
calls=4 82 
* 24
+4 4
-4 4
+4 8
+7 12
+1 4
+2 4
-2 4
+2 4
+10 8
+35 24
+3 8
+7 32
+6 4
+2 4
-2 4
+1 4
+2 8
-1 16
+8 8
+3 8
+11 32
cfi=(28) /usr/src/debug////////glibc-2.12-2-gc4ccff1/string/../sysdeps/x86_64/memset.S
cfn=(102) memset
calls=4 44 
* 332
+1 24
+5 8
+15 8
-73 40
+4 8
-2 8
+2 40
cfi=(27)
cfn=(98)
calls=4 82 
* 24
-2 8
+11 8
+2 4
-2 4
+2 4
+2 6
-2 6
+2 4
+1 2
-1 4
+1 8
-3 4
+5 8
+57 4
-77 4
+77 8
+9 4
fi=(3) /usr/src/debug/glibc-2.12-2-gc4ccff1/elf/dynamic-link.h
113 4
fe=(18)
1345 4
fi=(3)
113 4
+6 4
-2 4
+2 8
+7 4
+5 4
+3 4
+1 4
-3 4
-5 8
-1 112
+1 57
+10 19
-18 57
+18 9
-18 27
+2 184
+8 64
+8 64
-18 192
+25 12
+20 4
+1 4
+1 4
+1 4
+2 4
+5 4
+1 3
+1 3
+35 12
+5 1
+2 1
-2 2
+2 1
+2 2
+2 2
+1 1
+2 12
+2 4
+2 4
+1 1
+2 8
fe=(18)
1351 12
+16 12
+19 8
+2 20
+51 12
+1 2
+3 2
cfi=(25)
cfn=(106)
calls=1 82 
* 5
* 6
cfi=(25)
cfn=(106)
calls=3 82 
* 15
* 8
+8 8
+3 8
+2 4
-2 4
+2 4
+16 8
cfi=(4)
cfn=(6)
calls=4 873 
* 86
+4 16
+18 8
+4 4
+5 4
-5 4
+1 8
+4 4
+6 12
cfi=(11)
cfn=(40)
calls=4 33 
* 184
+5 4
-1 8
+20 36
1232 28
cfi=(27)
cfn=(100) mprotect
calls=4 82 
* 20
* 4
1495 2
1321 8
cfi=(27)
cfn=(98)
calls=1 82 
* 6
+3 2
fi=(3)
128 36
+3 36
+1 24
+2 12
+1 12
fe=(18)

fn=(86) expand_dynamic_string_token
317 8
+10 1
-10 1
+10 1
-10 1
+10 1
cfi=(19)
cfn=(60)
calls=1 26 
* 61
* 2
162 2
cfi=(8)
cfn=(14)
calls=1 29 
* 97
* 1
+1 2
cfi=(13)
cfn=(32)
calls=1 -68 
* 29
* 1
+2 2
+3 2
342 3
168 1
342 4
168 1
cfi=(14)
cfn=(38)
calls=1 56 
* 55

fn=(82) _dl_map_object
1984 8
+11 8
-11 16
+11 8
-11 8
+11 8
-11 56
+11 8
-11 16
+11 16
+12 58
-12 87
+5 165
+3 99
cfi=(24)
cfn=(84)
calls=33 301 
* 1956
* 66
2269 72
2027 4
-1 8
+10 4
-1 8
+26 8
-2 4
+2 4
cfi=(19)
cfn=(60)
calls=4 26 
* 121
* 8
2198 2
+1 4
cfn=(86)
calls=1 317 
* 276
+2 1
-3 1
+3 1
+4 9
cfn=(88)
calls=1 1581 
* 162
+3 1
-3 1
+3 1
+11 12
+3 8
+44 4
+1 28
-1 4
+1 12
cfn=(94)
calls=4 836 
* 5935
* 8
2026 8
+39 6
cfi=(8)
cfn=(14)
calls=3 29 
* 159
* 3
+2 3
-2 3
+2 3
+7 12
+35 9
+1 45
cfn=(114)
calls=3 1835 
* 2391
+6 3
-6 3
+6 3
+76 6
-76 6
610 9
2123 12
+6 6
cfi=(31)
cfn=(118)
calls=3 186 
* 5473
+2 3
-2 3
+2 3
+4 9
+9 6
+28 27
cfn=(88)
calls=3 1581 
* 886
+3 3
-3 3
+3 3
+1 6
-93 3
-5 6
+5 3
+3 6
-3 3
+3 6
-3 3
+3 30
-3 9
610 9
2084 9
+14 15
+2 9
-2 6
610 9
2008 29
-1 58
+4 15
+2 15
-2 30
+2 45
cfi=(15)
cfn=(46)
calls=15 135 
* 315
* 45

fl=(15)
fn=(46)
135 1081
+1 1081
+1 1081
+1 422
+1 422
+1 422
+1 422
cfn=(47) strcmp'2
calls=422 -6 
* 15876
+5 659
+1 659
+1 659
+1 659

fn=(47)
135 2218
+1 2218
+1 2218
+1 1971
+1 1971
+1 1971
+1 1971
cfn=(47)
calls=1796 -6 
* 69274
+2 175
+1 175
+2 247
+1 247
+1 247
+1 247

fl=(5)
fn=(8) _dl_sysdep_start
89 8
+25 1
-1 1
+1 185
+3 1
-3 1
+6 2
-2 1
-1 1
+3 1
-6 1
+6 4
+1 1
-1 7
+1 105
+3 2
-4 49
fi=(16) /usr/src/debug/glibc-2.12-2-gc4ccff1/elf/../sysdeps/unix/sysv/linux/dl-sysdep.c
-84 2
cfi=(6)
cfn=(10)
calls=1 -7 
* 11
fi=(7)
226 5
fe=(5)
+3 2
cfi=(9) /usr/src/debug/glibc-2.12-2-gc4ccff1/elf/../misc/sbrk.c
cfn=(16) sbrk
calls=1 35 
* 17
* 3
+12 3
+3 5
cfi=(2)
cfn=(18) dl_main
calls=1 888 
* 327692
+2 9
-67 1
-59 4
+34 1
-34 4
+43 1
-43 4
+40 1
-40 4
+37 1
-37 5
+13 1
-13 4
+10 1
-10 4
+7 1
-7 4
227 1
cfi=(8)
cfn=(14)
calls=1 29 
* 35
* 2

fn=(176) _dl_sysdep_start_cleanup
252 1

fn=(56)
354 6
+3 1
-3 2
+3 1
-1 1
+1 1
+9 1
-12 4
+12 1
+10 3
+75 2
+8 2
+2 1
+1 1
-1 2
+1 3
+11 1
-7 2
+1 1
-1 1
+7 1
+4 6
+1 2
+18 11
+1 3
cfi=(13)
cfn=(32)
calls=1 95 
* 29
* 1
+1 1
-1 1
+1 1
+4 2
+22 3
+3 1
-3 3
+3 1
+28 2
-7 1
+7 4
+1 1
-1 1
+1 1
-1 1
+1 1
-1 1
+1 3
-1 3
+1 3
-1 3
+1 3
-1 5
+5 2
-5 3
+5 3
+3 1
-3 1
+3 1
-3 3
+3 1
-3 1
+3 7
+2 16
-2 4
+1 12
-1 2
+1 12
-1 10
+4 4
+3 1
+2 2
-1 1
-1 2
+2 3
+13 11
+1 1
+2 2
-3 3
+1 1
+2 2
+3 3
+3 9
418 1
+3 1
-3 1
+3 8
529 5
cfi=(14)
cfn=(58)
calls=1 56 
* 22
* 1
+1 1
-1 1
+1 2
cfi=(14)
cfn=(58)
calls=1 56 
* 22
* 3

fl=(2)
fn=(72) do_preload
802 6
+6 1
+1 1
+5 5
-10 1
+6 1
+2 1
+2 1
cfi=(22) /usr/src/debug/glibc-2.12-2-gc4ccff1/elf/dl-error.c
cfn=(74) _dl_catch_error
calls=1 160 
* 2232
+1 2
+2 3
+12 5

fn=(80) map_doit
628 2
+2 7
cfi=(18)
cfn=(82)
calls=1 1984 
* 2163
* 1
+2 2

fn=(2) _dl_start
365 9
+18 4
fi=(7)
76 2
fe=(2)
383 1
+29 2
-3 1
fi=(3)
119 1
fe=(2)
412 1
fi=(3)
119 2
+3 1
+4 1
+5 1
+3 1
+1 1
-3 1
-5 2
-5 14
+15 14
-18 42
+18 3
-18 9
+2 44
+5 32
+1 15
+10 5
-18 16
+25 2
fe=(2)
547 1
288 68
+12 2
cfi=(4)
cfn=(6)
calls=1 873 
* 24
+1 1
+1 1
+1 1
-2 1
+3 1
-2 1
+1 1
+1 1
+21 1
+10 1
-10 3
+10 1
-6 1
-4 1
+10 1
cfi=(5)
cfn=(8)
calls=1 89 
* 328199
* 1
+9 1
+7 1
-4 1
+4 1
572 9
fi=(3)
128 12
+3 12
+1 8
+2 4
+1 4
fe=(2)
540 2

fn=(142) init_tls
782 1
-56 1
-4 1
-2 1
+2 1
+4 1
+60 3
-54 1
+3 4
cfi=(13)
cfn=(28)
calls=1 111 
* 39
* 1
+14 1
-14 1
+7 1
+1 1
+6 3
+2 12
+4 1
+2 1
-2 2
-5 1
-1 2
+1 5
-1 10
+13 1
cfi=(21)
cfn=(144) _dl_determine_tlsoffset
calls=1 134 
* 55
+7 1
cfi=(21)
cfn=(146) _dl_allocate_tls_storage
calls=1 350 
* 424
+1 1
-1 1
+1 1
+6 1
+4 1
-4 1
+4 6
+3 1
+2 1

fn=(18)
888 1
+19 1
-19 5
+22 1
-22 2
+32 1
-32 4
+27 1
-1 1
+6 1
+3 1
-16 1
+3 1
+4 1
+1 1
+8 1
cfn=(20) process_envvars
calls=1 2532 
* 618
+7 3
1109 5
+9 1
-9 2
cfi=(11)
cfn=(24)
calls=1 62 
* 250
+4 1
-4 1
+3 1
+6 2
-5 1
+1 2
+4 1
cfi=(11)
cfn=(40)
calls=1 33 
* 31
* 1
+30 1
-3 1
+3 1
-8 1
+1 1
+2 1
+5 5
+1 24
-1 24
+1 39
+91 2
+1 1
-88 3
+1 1
+49 2
+1 2
-1 8
+2 4
+1 2
+3 2
+1 2
-1 2
+1 2
+1 2
+1 6
+1 2
-43 1
-3 2
+3 1
+7 2
-10 1
+10 1
+68 2
-87 3
+1 1
+92 3
+3 2
+2 2
+2 3
+13 3
+1 6
cfi=(15)
cfn=(46)
calls=1 135 
* 7
-1 2
+12 2
-4 1
-2 1
+3 1
+3 1
+6 2
fi=(3)
104 1
+9 2
+6 1
-2 1
+2 2
+7 1
+5 1
+3 1
+1 1
-3 1
-5 2
-1 12
+1 9
+10 3
-18 9
+2 42
+8 18
+8 18
-18 54
+25 3
+67 3
+14 3
+7 2
fe=(2)
1294 2
cfi=(4)
cfn=(6)
calls=1 873 
* 14
+3 2
+20 4
+92 1
cfi=(16)
cfn=(50) _dl_discover_osversion
calls=1 67 
* 92
* 8
+5 2
cfi=(18)
cfn=(54)
calls=1 633 
* 1972
+3 3
cfi=(20)
cfn=(66)
calls=1 52 
* 23
+7 1
-7 1
+2 1
+5 1
+4 1
+3 1
-2 1
+3 1
-2 1
-2 2
+9 1
-9 1
+1 1
+8 1
+5 1
+4 1
-3 2
+3 1
+4 1
-5 1
+5 2
+1 2
+1 1
-1 2
+1 3
+2 2
+1 2
+5 2
+5 4
1642 1
cfi=(21)
cfn=(68) _dl_count_modids
calls=1 112 
* 5
* 1
+8 3
+3 2
+4 3
+5 2
+1 1
cfi=(20)
cfn=(70) _dl_debug_state
calls=1 77 
* 1
+1 1
+4 3
+19 4
+31 3
cfi=(25)
cfn=(108)
calls=1 82 
* 11
* 2
+77 5
+17 1
+1 2
-1 1
+1 2
-1 1
+1 3
cfi=(29) /usr/src/debug/glibc-2.12-2-gc4ccff1/elf/dl-deps.c
cfn=(110) _dl_map_object_deps
calls=1 149 
* 20201
+1 1
+2 5
+3 1
-3 2
+3 1
-3 1
+3 1
-3 1
+3 1
+1 5
-1 2
+1 20
-1 11
+4 3
+1 3
+1 1
+2 2
+1 27
-1 12
+1 2
+13 1
-1 2
+1 1
+2 4
+5 1
-5 1
+4 2
+12 1
+3 1
+1 1
-1 1
+1 3
+11 2
+2 3
-2 2
+1 4
+1 1
cfi=(22)
cfn=(132) _dl_receive_error
calls=1 198 
* 6440
+10 1
+1 1
-1 1
+1 1
+3 2
851 1
fi=(36) /usr/src/debug/glibc-2.12-2-gc4ccff1/elf/../sysdeps/unix/sysv/linux/dl-osinfo.h
70 2
+48 2
fe=(2)
853 1
+6 2
fi=(36)
127 2
+11 2
fe=(2)
864 1
+2 1
+6 1
1895 2
2121 3
+56 2
+4 4
+4 2
+48 2
+7 1
-7 1
+7 1
+3 25
+3 3
+6 2
+2 2
-2 10
+2 10
+7 6
-2 6
+2 12
+1 35
cfi=(37) /usr/src/debug/glibc-2.12-2-gc4ccff1/elf/dl-reloc.c
cfn=(150) _dl_relocate_object
calls=5 158 
* 282657
+4 14
+1 2
cfi=(21)
cfn=(172) _dl_add_to_slotinfo
calls=1 864 
* 24
+2 6
+2 12
+1 1
+2 7
+6 1
-6 1
+6 1
+9 4
+2 1
+5 2
cfi=(21)
cfn=(174) _dl_allocate_tls_init
calls=1 444 
* 130
+4 2
+11 4
+29 1
cfi=(5)
cfn=(176)
calls=1 252 
* 1
+4 3
+20 3
cfi=(20)
cfn=(66)
calls=1 52 
* 9
+1 1
-1 1
+2 1
cfi=(20)
cfn=(70)
calls=1 77 
* 1
+1 1
+4 1
cfi=(31)
cfn=(178)
calls=1 316 
* 15
+5 8
-50 1
+2 1
+1 1
-3 1
+3 3
-3 1
+3 1
cfi=(37)
cfn=(150)
calls=1 158 
* 9927
+1 1
+2 10
1438 4
-11 4
1799 9
+4 3
+1 1
+1 3
2256 1
+1 1
-3 2
1694 79
cfi=(14)
cfn=(38)
calls=1 56 
* 70
* 1
+3 4
+3 3
cfi=(13)
cfn=(64)
calls=1 325 
* 1285
* 3
cfi=(13)
cfn=(64)
calls=1 325 
* 4
* 6
+1 4
+3 4
cfn=(72)
calls=1 802 
* 2259
* 2
+2 1
+2 12
1888 1
cfn=(142)
calls=1 782 
* 590
* 2

fn=(20)
2532 1
+8 2
-8 4
+23 1
-23 4
+8 1
-8 1
+8 2
-7 1
+6 2
fi=(100) /usr/src/debug/glibc-2.12-2-gc4ccff1/elf/../sysdeps/unix/sysv/linux/dl-librecon.h
32 1
fe=(2)
2539 1
-6 1
fi=(100)
32 2
fe=(2)
2542 2
cfi=(10)
cfn=(22)
calls=1 31 
* 126
* 4
cfi=(10)
cfn=(22)
calls=2 31 
* 264
* 9
+4 6
-4 2
+4 38
+1 19
-1 57
+9 12
2704 1
-4 1
+4 1
-4 1
+4 1
+30 2
+21 8
2629 17
-53 5
+7 12
+2 2
+1 1
+45 2
+1 1

fn=(76) _dl_initial_error_catch_tsd
796 18

fn=(134) version_check_doit
660 2
+3 4
cfi=(35) /usr/src/debug/glibc-2.12-2-gc4ccff1/elf/dl-version.c
cfn=(136) _dl_check_all_versions
calls=1 387 
* 6400
-1 2
+4 2

fn=(42)
836 7
+1 7

fn=(44)
842 7
+1 7

fl=(35)
fn=(138) _dl_check_map_versions
180 54
+15 6
-15 12
+15 12
+2 6
+3 6
-3 6
+2 6
+1 6
+2 6
-3 6
+3 6
+3 12
+4 4
-4 4
+4 8
+10 16
+7 4
62 4
226 8
62 24
226 1
62 1
226 2
62 16
+1 20
-1 40
+2 75
cfi=(24)
cfn=(84)
calls=25 301 
* 1545
* 50
234 15
+5 20
+20 18
-16 128
cfn=(140) match_symbol
calls=2 82 
* 280
* 72
cfn=(140)
calls=12 82 
* 2183
* 70
+11 42
+9 20
+5 3
+1 1
69 4
277 12
+3 12
+10 44
-10 88
+6 66
-6 12
+6 9
+8 12
+87 54
-81 5
-1 15
cfi=(13)
cfn=(28)
calls=5 111 
* 195
* 5
+2 5
-2 5
+2 5
+11 5
+2 5
-5 5
+3 10
+2 5
+3 20
+4 15
+18 27
-15 18
+2 27
-2 10
+2 15
+2 84
+1 42
+1 42
+1 42
+3 42
+8 15
+5 3
+1 1
+4 10
+3 15
+20 44
-14 22
-2 22
+2 25
-2 3
+2 3
+5 44
+1 22
-1 110
+1 22
+1 22
-1 44
+4 78
269 6

fn=(136)
387 5
+4 1
-4 1
+4 1
-4 1
+4 3
+1 18
-1 6
+1 6
-1 12
+5 7
-3 24
cfn=(138)
calls=6 180 
* 6291
-1 24

fn=(140)
82 140
+9 14
-8 14
-1 42
+1 14
+8 14
+6 42
+18 28
+5 28
+14 188
+12 240
+4 160
-30 160
+19 84
cfi=(15)
cfn=(46)
calls=14 -4 
* 1141
* 42
+34 14
+1 98

fl=(37)
fn=(150)
158 36
+10 12
-10 18
+14 6
-14 12
+14 6
+1 30
+6 12
+6 18
+4 12
+8 18
+45 6
fi=(7)
96 12
fe=(37)
242 12
fi=(7)
96 6
+39 6
fe=(37)
268 156
fi=(38) /usr/src/debug/glibc-2.12-2-gc4ccff1/elf/do-rel.h
57 4
+1 4
+1 4
fe=(37)
268 4
156 4
fi=(38)
-91 4
fe=(37)
+91 4
fi=(7)
295 4
fe=(37)
-27 4
fi=(7)
+27 4
fi=(38)
65 4
fe=(37)
268 2
fi=(38)
57 2
+1 2
+1 2
fe=(37)
268 2
156 2
fi=(38)
-91 2
fe=(37)
+91 2
fi=(7)
295 2
fe=(37)
-27 2
fi=(7)
+27 2
fi=(38)
65 2
+3 16
fi=(7)
476 4
-1 8
+4 8
-3 252
-1 504
+4 504
+2 768
+1 28
fi=(38)
68 768
fe=(37)
268 42
fi=(38)
59 6
fe=(37)
268 36
fi=(38)
65 6
fe=(37)
268 6
fi=(38)
57 6
+1 6
+7 6
+10 6
+2 6
-2 12
+1 6
+1 52
+14 5
-12 5
+12 11
-12 1
+12 2
+10 18
+10 15
+4 5
+2 5
-2 5
+2 5
fi=(7)
296 15
fi=(38)
119 10
+1 5
+2 10
-2 5
-1 5
fi=(7)
267 5
fi=(38)
119 5
fi=(7)
270 5
fi=(38)
119 5
+1 15
fi=(7)
270 5
fi=(38)
119 440
+1 220
+2 440
-2 220
-1 220
fi=(7)
267 220
fi=(38)
119 220
fi=(7)
270 220
fi=(38)
119 220
+1 660
fi=(7)
270 220
+18 450
+7 5187
fi=(38)
120 392
fi=(7)
295 588
fi=(38)
120 196
fi=(7)
295 823
fi=(38)
120 26
fi=(7)
295 39
fi=(38)
120 13
fi=(7)
295 2560
cfi=(4)
cfn=(156)
calls=209 724 
* 261886
* 836
+1 675
+4 219
-4 438
+4 219
-1 438
+10 450
fe=(37)
-38 18
+32 6
+3 12
+13 12
+1 6
cfn=(170) _dl_protect_relro
calls=3 +8 
* 72
* 3
+1 48
fi=(7)
135 8
-39 8
+6 8
+4 12
+13 4
-8 4
+8 8
+13 4
+3 4
-3 4
+3 12
fe=(37)
+50 18
+83 18
fi=(38)
117 10
fi=(7)
309 900
+85 209
fi=(38)
117 418
fi=(7)
394 209
fi=(38)
117 213
fi=(7)
377 30
+4 30
+5 20
fi=(38)
117 10
fi=(7)
386 20
fi=(38)
117 20
fi=(7)
327 2
+1 1
fi=(38)
117 1
fi=(7)
328 1
fi=(38)
117 2
fi=(7)
448 4
fi=(38)
117 2
fi=(7)
448 2
cob=(3)
cfi=(40)
cfn=(168)
calls=1 124 
* 6
cob=(3)
cfi=(40)
cfn=(164)
calls=1 106 
* 64
+1 2
fi=(38)
117 4
fi=(7)
430 9
+4 15
cfi=(14)
cfn=(38)
calls=3 56 
* 54
+2 15
295 26
fi=(38)
104 5
fi=(7)
467 3
fi=(38)
104 2
fi=(7)
467 1
fi=(38)
104 1
+7 3
+16 5
+1 2
+1 2
-1 1
fi=(7)
267 1
fi=(38)
128 1
fi=(7)
270 1
fi=(38)
128 3
fi=(7)
270 1
fi=(38)
128 8
+1 8
-1 4
fi=(7)
267 4
fi=(38)
128 4
fi=(7)
270 4
fi=(38)
128 12
fi=(7)
270 4
+18 10
+7 195
cfi=(4)
cfn=(156)
calls=5 724 
* 5940
* 20
+1 15
+4 1
-4 2
+4 1
-1 2
+10 30
108 4
+1 6
394 15
fi=(38)
127 16
fi=(7)
484 1140
295 115
fe=(37)

fn=(170)
328 3
-2 6
+1 6
+1 9
+2 6
+2 6
+1 9
cfi=(27)
cfn=(100)
calls=3 82 
* 15
-1 6
+7 6

fl=(9)
fn=(16)
35 3
+8 1
-8 1
+8 5
+4 2
+11 5

fl=(17) /usr/src/debug////////glibc-2.12-2-gc4ccff1/posix/../sysdeps/unix/syscall-template.S
fn=(52) uname
82 4
+1 1

fl=(20)
fn=(70)
77 2

fn=(66)
52 12
+5 6
-5 6
+5 12
+5 2
-1 1
+1 3
+1 2
+4 6
-10 12
+4 1
-1 1
+1 4

fl=(16)
fn=(50)
67 4
+2 3
+85 5
-45 3
cfi=(17)
cfn=(52)
calls=1 -27 
* 5
* 3
+12 2
+10 12
+4 3
-2 9
+2 10
+3 4
-3 4
+7 3
-1 3
+2 3
+2 14
+5 2

fl=(21)
fn=(68)
112 2
+1 3

fn=(174)
444 7
+1 1
-1 1
+1 1
+4 1
+6 3
+12 4
+5 6
+6 8
+27 3
+8 3
+1 3
+1 6
cfi=(14)
cfn=(58)
calls=1 56 
* 23
* 4
cfi=(28)
cfn=(102)
calls=1 44 
* 27
* 3
-43 3
+6 4
+3 1
+1 2
+7 1
+2 1
-2 2
+2 2
+38 1
+3 9

fn=(130)
53 3
+48 2
+4 1

fn=(172)
864 6
+6 1
+3 2
+5 3
+42 1
-1 3
+1 2
+1 6

fn=(146)
350 1
+13 1
-13 2
+2 1
+11 2
cfi=(13)
cfn=(36) __libc_memalign
calls=1 53 
* 50
* 1
+1 1
-1 1
+1 1
+7 1
+4 307
-58 1
+1 1
-1 1
+1 2
cfi=(13)
cfn=(28)
calls=1 111 
* 39
* 1
+1 2
+3 1
+6 2
+64 5

fn=(144)
134 1
+11 1
-11 3
+45 8
+5 2
+4 2
-4 3
+2 2
+2 3
+12 2
+4 5
+3 2
-1 2
+10 1
-37 2
+37 1
-37 3
+41 1
-1 1
+52 1
-51 1
+52 4
-52 3
+52 1

fl=(24)
fn=(120)
44 2
+3 1
-3 4
+3 1
-3 1
+3 1
cfi=(25)
cfn=(90)
calls=1 +35 
* 5
+1 1
-1 1
+1 2
+2 4
cfi=(26)
cfn=(96)
calls=1 -13 
* 10
* 2
+2 1
+3 1
-3 1
+3 1
+13 2
cfi=(25)
cfn=(106)
calls=1 +14 
* 5
+3 7
-14 7
cfi=(27)
cfn=(98)
calls=1 +25 
* 6
* 2

fn=(84)
301 780
+1 312
cfi=(15)
cfn=(46)
calls=156 135 
* 1099
* 312
+3 156
+2 312
+4 156
-4 312
+1 495
cfi=(15)
cfn=(46)
calls=165 135 
* 3182
* 330
+6 9
-7 9
+7 174
-7 147
+7 441

fl=(55)
fn=(282)
30 15
+2 15
+1 15
+1 15
+1 15
+1 15
+1 15
+1 15
+1 15
+1 15
+1 15
cfi=(56)
cfn=(284)
calls=15 +32 
* 21505
+1 15
+1 15
+1 15
+1 15
+1 15
+1 15
+1 15
+1 15
+1 15
+2 15

fl=(13)
fn=(32)
95 31
+1 62
cfn=(36)
calls=31 -43 
* 831
* 31

fn=(28)
111 12
-3 12
+3 24
-3 12
+3 24
+4 24
cfn=(32)
calls=12 -20 
* 404
* 12

fn=(64)
325 5
+1 10
+4 27
+5 6
-5 273
+5 368
+2 744
+8 93
-15 281
+18 2
+4 4
-13 2
+2 2
+7 1
+4 1

fn=(36)
53 128
+1 127
+11 93
+3 31
-3 31
+3 62
-3 3
+3 1
-3 1
+3 118
+4 12
+1 9
+6 21
cfi=(27)
cfn=(98)
calls=3 +3 
* 18
+2 6
+3 6
+1 6
-1 3
+1 6
+3 3
+1 3
+2 12
-3 29
+1 29
+2 116
-31 2
-1 5

fl=(29)
fn=(112) openaux
62 14
+7 7
-4 77
cfi=(18)
cfn=(82)
calls=7 1984 
* 16924
* 7
+5 14

fn=(110)
149 1
+1 1
-1 2
+1 1
-1 2
+1 1
-1 1
+1 2
-1 4
+1 1
-1 1
+1 2
+16 1
-16 1
+14 1
+1 1
+1 1
+6 3
+10 1
-10 1
+10 1
-36 5
+20 1
-2 1
+19 1
-17 1
+6 1
-6 1
-2 1
+2 1
-2 1
+1 1
+1 1
+6 3
+10 1
-10 1
+10 5
+19 1
-15 1
+18 1
338 3
186 2
338 1
201 2
+2 1
+1 1
338 4
208 1
+5 1
+4 2
-9 5
+5 5
+4 10
+2 2
+3 12
+10 4
-8 4
+7 4
-7 4
+8 4
+3 4
-5 4
+1 4
-7 4
+5 4
+6 28
+50 14
+1 12
-51 388
+1 194
+6 35
cfi=(19)
cfn=(60)
calls=7 26 
* 229
* 21
+5 35
-3 7
+3 7
cfi=(22)
cfn=(74)
calls=7 -87 
* 17442
+2 21
+15 7
+2 14
+5 4
+6 4
+2 4
-8 8
+5 4
-2 4
+1 4
+2 4
+4 24
-59 8
+13 2
466 12
+2 12
+2 12
cfi=(13)
cfn=(32)
calls=4 95 
* 116
* 4
+2 4
-2 4
+2 4
+4 16
-1 4
+2 4
-1 8
cfi=(14)
cfn=(38)
calls=4 56 
* 91
+1 16
cfi=(14)
cfn=(38)
calls=4 56 
* 91
+4 4
-1 4
+5 36
+2 6
+1 42
217 22
+1 5
-1 10
+2 28
488 3
+4 4
+1 2
+3 5
+11 4
cfi=(13)
cfn=(32)
calls=1 95 
* 29
* 1
+2 1
-2 1
+2 1
+5 2
+1 1
-1 1
+1 1
-1 1
+1 1
-1 1
+1 5
+8 5
+4 2
-10 3
+6 25
+4 10
-10 16
+13 2
+53 4
+43 1
-5 1
+6 2
-1 6
+1 3
cfi=(28)
cfn=(102)
calls=1 44 
* 19
* 1
+25 2
-25 1
+25 1
-25 1
+25 1
-21 2
+7 1
-6 2
+6 1
-7 8
+7 4
-6 8
+6 12
+2 16
+1 8
-1 24
+1 16
+3 39
-1 57
+23 10
-28 20
+31 19
+3 32
cfi=(28)
cfn=(102)
calls=4 44 
* 70
* 8
-45 8
+45 1
+7 2
+2 1
+1 1
-1 1
+9 2
+3 2
+3 8
288 360
619 8
cfi=(14)
cfn=(38)
calls=1 56 
* 47
+2 3

fl=(1) ???
fn=(0) 0x00000030d2a00b00
0 2
cfi=(2)
cfn=(2)
calls=1 365 
0 328594
0 14
cfi=(42) /usr/src/debug/glibc-2.12-2-gc4ccff1/elf/dl-init.c
cfn=(184) _dl_init
calls=1 93 
0 2433
0 3
cob=(7)
cfi=(54)
cfn=(274) 0x0000000000400ee0
calls=1 0 
0 31091695939

fl=(42)
fn=(184)
93 11
+5 1
-4 1
+1 1
+3 2
+7 2
+27 2
+1 14
+1 6
-1 6
+1 12
-97 18
+9 5
-3 10
+3 15
+5 12
+5 6
+8 6
+6 18
cob=(2) ???
cfi=(12) ???
cfn=(252) 0x00000030d4a0a670
calls=1 -70 
* 29
cob=(2)
cfi=(12)
cfn=(232) 0x00000030d3203d90
calls=1 -70 
* 29
cob=(3)
cfi=(44)
cfn=(210)
calls=1 -18 
* 2135
+4 3
+1 6
+65 8
-89 2
-5 4
-9 3
+9 1
-3 2
+3 3
+5 3
+5 2
+8 2
+6 7
cob=(2)
cfi=(12)
cfn=(186) 0x0000000004801490
calls=1 -70 
* 40
* 1
+4 1
+1 2
+26 2

fl=(22)
fn=(74)
160 56
+9 8
+2 8
cfi=(2)
cfn=(76)
calls=8 796 
* 16
* 8
+1 8
+2 16
-2 8
+2 8
cfi=(23)
cfn=(78)
calls=8 26 
* 152
+1 8
-1 8
+1 8
+2 16
+1 8
-1 8
+1 8
cfi=(29)
cfn=(112)
calls=7 62 
* 17043
cfi=(2)
cfn=(80)
calls=1 628 
* 2175
+1 24
+1 8
+1 8
-1 8
+2 8
-1 8
+1 8
+10 32

fn=(132)
198 10
+1 1
cfi=(2)
cfn=(76)
calls=1 796 
* 2
+5 1
-1 1
-4 1
+9 1
+2 1
-3 1
+3 1
cfi=(2)
cfn=(134)
calls=1 660 
* 6410
+2 1
+1 1
+1 8

fl=(27)
fn=(100)
82 28
+1 7

fn=(98)
82 65
+1 13

fn=(180)
82 4
+1 1

fl=(8)
fn=(14)
29 23
+1 23
+1 23
+1 23
+2 10
+1 10
+2 10
+1 10
-1 33
+1 33
+1 42
+1 42
+1 42
+2 44
+5 22
+1 22
+1 22
+1 22
+3 22
-6 6
+1 6
+1 6
+1 6
+3 6
+1 24
+1 24
+1 24
+2 24
+3 22
+1 22
+1 22
+1 22
+3 22
+1 21
+1 21
+1 21
+2 21
+3 14
+1 14
+1 14
+1 14
+3 14
+1 10
+1 10
+1 10
+2 10
+3 8
+1 8
+1 8
+1 8
+3 8
+1 6
+1 6
+1 6
+2 6
+3 22
+2 22
+1 22
+1 16
+2 16
+1 16
+1 14
+2 14
+1 14
+1 12
+2 12
+1 12
+1 6
+2 6
+2 6
+1 6
+1 5
+2 5
+1 5
+1 5
+2 5
+1 5
+3 23
+1 23

fl=(95)
fn=(606) _dl_sort_fini
34 9
+2 1
-2 3
+2 1
+5 1
+1 1
-1 2
+1 1
+1 1
-1 5
+1 3
cfi=(28)
cfn=(102)
calls=1 +1 
* 19
+15 4
+24 4
+38 4
+3 32
cfi=(28)
cfn=(102)
calls=4 -79 
* 70
* 8
-80 4
+4 4
+1 4
-1 4
+1 4
+4 12
-5 1
+1 1
-1 1
+1 1
+4 13
+6 5
+1 14
+2 16
+1 8
-1 24
+1 16
+3 39
-1 57
+31 30
+21 10
-57 20
+61 16
+3 1
+4 8

fn=(604)
133 11
+22 9
+3 2
cfi=(2)
cfn=(42)
calls=1 836 
* 2
+3 1
+3 2
+2 5
-2 2
+13 5
+16 4
+2 12
+4 12
+1 6
+5 6
-4 6
-2 6
-6 19
+19 4
cfn=(606)
calls=1 34 
* 482
+9 2
cfi=(2)
cfn=(44)
calls=1 842 
* 2
+4 6
+2 2
+2 3
-2 10
+2 15
+3 12
+3 18
+4 2
+7 10
+4 4
+2 3
+1 4
+1 4
cob=(3)
cfi=(49)
cfn=(694)
calls=1 19 
* 6
-1 4
+5 15
+1 12
cob=(2)
cfi=(12)
cfn=(674) 0x00000030d3243fb8
calls=1 0 
* 1623
cob=(2)
cfi=(12)
cfn=(654) 0x00000030d4a21c28
calls=1 0 
* 1623
cob=(2)
cfi=(12)
cfn=(624) 0x0000000004801798
calls=1 0 
* 1287
cob=(2)
cfi=(12)
cfn=(608) 0x0000000000405ca8
calls=1 0 
* 31
+5 30
-39 6
+55 6
-55 18
-70 2
+70 1
-70 1
285 6
+6 2
+7 8
-63 10
+4 8
-60 2
+3 8

fl=(19)
fn=(60)
26 13
+1 13
+1 13
+1 13
+1 13
+1 13
+1 13
+1 13
+1 13
+1 13
+1 13
+1 13
+1 13
+1 13
+1 13
+1 13
+1 13
+1 13
+1 13
+1 13
+1 13
+2 13
+1 13
+1 13
+1 13
+1 13
+1 13
+1 13
+1 13
+1 13
+2 13
+1 13
+1 1
+1 1
+1 1
+1 1
+1 12
+1 13

fl=(28)
fn=(102)
44 15
+1 15
+1 15
+4 15
+1 15
+1 15
+1 15
+2 15
+1 15
+2 13
+5 13
+1 13
+1 13
+1 13
+1 13
326 1
+1 1
+1 1
+1 1
+1 1
+1 1
+1 1
+1 1
+1 1
+1 1
+1 1
+1 1
+1 1
+1 1
+1 1
-11 1
+1 1
+1 1
+1 1
+1 1
+1 1
+1 1
+1 1
+1 1
+1 1
+1 1
+1 1
-8 1
+1 1
+1 1
+1 1
+1 1
+1 1
+1 1
+1 1
+1 1
-3 2
+1 2
+1 2
+1 2
-2 3
+1 3
+1 3
-1 2
+1 2
+67 1
+1 1
+1 1
+1 1
+1 1
+1 1
+1 1
+1 1
+1 1
+1 1
+1 1
-2 2
+1 2
+1 2
-1 2
+1 2
+87 2
+1 2
+1 2
+1 2
+1 2
+1 2
+1 2
+5 2
+1 2
+1 2
+1 2
+1 2
+36 1
+1 1
+37 2
1214 2
+1 4
+4 2
+1 2
+1 4
+5 2
+2 2
+1 2
+1 2
+1 2
+1 2
+1 2
+1 2
+1 2
+1 2
+1 2
+1 2
+1 2
+1 2
+1 2
+1 2
+1 2
+2 2
+2 2
-21 8
+2 8
+1 8
+1 8
+1 8
+1 8
+1 8
+1 8
+1 8
+1 8
+1 8
+1 8
+1 8
+1 8
+1 8
+1 8
+1 8
+2 8
+2 8
+3 2
+1 2
+6 2
+1 2
+1 2
+1 2
+1 2

ob=(7)
fl=(73) /usr/sup/src/cii40/src/seq.c
fn=(362) Seq_new
26 14
+3 10
cfi=(74) /usr/sup/src/cii40/src/mem.c
cfn=(364) Mem_calloc
calls=2 -7 
* 1953
* 2
+1 4
+3 6
-1 8
cfi=(74)
cfn=(372) Mem_alloc
calls=2 -24 
* 408
* 16
cfi=(75) /usr/sup/src/cii40/src/uarray.c
cfn=(374) UArrayRep_init
calls=2 -14 
* 58
+2 2
+1 8

fn=(542) expand
16 40
+1 30
+1 60
cfi=(75)
cfn=(544) UArray_resize
calls=10 +29 
* 1189162
+1 40
+2 36
+1 64
cob=(3)
cfi=(92)
cfn=(558)
calls=4 +34 
* 37158
cob=(1)
cfi=(55)
cfn=(282)
calls=1 +8 
* 1391
* 8
+1 24
+2 20

fn=(376) Seq_addhi
89 344392
+3 258294
+1 15
cfn=(542)
calls=5 -77 
* 105684
+1 258294
+1 129147
+1 387441
-1 129147
+1 86098
-1 43049
+2 172196

fn=(534) Seq_addlo
98 8460270
+1 1410045
-1 2820090
+3 8460270
+1 15
cfn=(542)
calls=5 -86 
* 1122349
+1 12690405
+1 355
+1 355
+1 213
+1 639
-1 213
+1 142
-1 71
+2 284
-3 7049870
+1 4229922
+1 12689766
-1 4229922
+1 2819948
-1 1409974
+2 5639896

fn=(470) Seq_get
54 1221937780
+2 488775112
-2 122193778
+3 366581334
+1 1099744002
-1 488775112
+2 488775112

fn=(540) Seq_put
60 30842141
+3 11215324
-3 2803831
+4 8411493
+1 25234479
-1 14019155
+2 8411493
+1 25234479
-1 8411493
+1 5607662
+1 2803831
+1 11215324

fn=(590) Seq_free
45 12
+1 8
-1 2
+3 6
cfi=(75)
cfn=(592) UArray_free
calls=2 -19 
* 370
+1 4

fn=(392) Seq_length
50 16978026
+2 5659342
+1 5659342

fn=(394) Seq_remlo
78 7074175
+1 1414835
-1 2829670
+4 2829670
-4 2829670
+5 4244505
+1 12733515
-1 7074175
+2 15563185
+1 7074175
+1 1414835
+1 5659340

fl=(89) /g/40/2015f/www/solutions/bitpack.c
fn=(466) Bitpack_fitsu
65 120440
+1 120440
-1 120440
-29 240880
+32 240880
+1 120440

fn=(464) Bitpack_newu
93 1083960
+1 120440
+1 240880
+1 361320
cfn=(466)
calls=120440 -31 
* 963520
* 240880
-64 240880
-10 120440
+11 120440
+3 361320
-12 240880
+75 240880
-79 240880
+14 120440
-13 120440
+3 180660
+12 270990
+65 90330
-1 180660
+1 180660
-1 90330
-1 90330
+2 90330
-3 90330
+3 210770
-1 60220
+1 60220
-1 30110
-1 30110
+2 30110
-3 30110
+3 60220

fn=(508) Bitpack_getu
83 2432336928
+1 405389488
-1 405389488
+2 810778976
+2 1621557952
-67 405389488
+67 810778976
-67 405389488
+2 405389488
-1 405389488
+3 1216168464
+8 810778976
+2 405389488
-1 405389488
+3 1216168464
+52 2432336928

fl=(91) /h/aholto01/Desktop/comp40/um/um_final/instructions.c
fn=(528) divide
62 851680
+1 1533024
+1 340672

fn=(510) load_value
131 130214800
+1 97661100
+1 65107400

fn=(564) output
98 724
+1 1267
cob=(3)
cfi=(93)
cfn=(570)
calls=181 -64 
* 15491
cob=(1)
cfi=(55)
cfn=(282)
calls=1 -69 
* 1419
* 185
+1 362

fn=(516) load
33 136229128
+1 155690432
cfi=(72) /h/aholto01/Desktop/comp40/um/um_final/segment.c
cfn=(504) Segment_load
calls=19461304 +86 
* 1109294328
* 38922608
+1 38922608

fn=(596) halt
76 2
+1 2
cob=(3)
cfi=(94)
cfn=(602)
calls=1 +22 
* 5714
cob=(1)
cfi=(55)
cfn=(282)
calls=1 -47 
* 1527
* 5

fn=(524) map_segment
84 8489004
+1 8489004
cfi=(72)
cfn=(390) Segment_map
calls=1414834 -15 
* 504529795
* 2829668
+1 2829668

fn=(514) store
42 113405236
+1 145806732
cfi=(72)
cfn=(468) Segment_store
calls=16200748 +85 
* 955844132
+1 32401496

fn=(522) conditional_move
22 13732095
+1 10985676
+1 9848920
+2 5492838

fn=(526) multiply
56 524575
+1 734405
+1 209830

fn=(512) load_program
120 21426654
+1 14284436
+4 7142218

fn=(518) nand
70 21479450
+1 38663010
+1 8591780

fn=(520) add
48 15705200
+1 21987280
+1 6282080

fn=(530) unmap_segment
90 7050225
+1 8460270
cfi=(72)
cfn=(532) Segment_unmap
calls=1410045 +18 
* 363505878
+1 2820090

fl=(54)
fn=(382) stat
0 4
cob=(3)
cfi=(76)
cfn=(388)
calls=1 37 
0 10
cob=(1)
cfi=(55)
cfn=(282)
calls=1 30 
0 1548
0 5

fn=(304) 0x0000000000401010
0 15

fn=(314) 0x0000000000405c70
0 12

fn=(274)
0 11
cob=(3)
cfi=(57)
cfn=(288)
calls=1 96 
0 31091694126
cob=(1)
cfi=(55)
cfn=(282)
calls=1 30 
0 1797
0 5

fn=(616) 0x0000000000400f30
0 8

fn=(298) 0x0000000000400f0c
0 6

fn=(610) 0x0000000000400fa0
0 14
cfn=(616)
calls=1 0 
0 8
0 5

fn=(294)
0 15
cob=(2)
cfi=(12)
cfn=(296) 0x0000000000400d10
calls=1 0 
0 39
0 10

fl=(62)
fn=(328) UM_new
84 3
+1 2
cob=(3)
cfi=(63)
cfn=(334)
calls=1 3646 
* 61042
cob=(1)
cfi=(55)
cfn=(282)
calls=1 -55 
* 1335
* 5
* 1
+1 2
cfi=(72)
cfn=(360) Segment_new
calls=1 -53 
* 53722
* 2
+1 3
cob=(3)
cfi=(63)
cfn=(370)
calls=1 4040 
* 248
* 1
* 3
+1 2
+1 1
+1 2

fn=(378) UM_run
96 5
+2 3
cfn=(380) get_file_size
calls=1 +91 
* 1592
* 1
+2 6
cfi=(72)
cfn=(390)
calls=1 -30 
* 301621
* 3
+2 6
cfn=(396) load_file
calls=1 210 
* 14970215
+3 595493654
cfi=(72)
cfn=(504)
calls=85070522 +15 
* 4849019754
* 85070522
+1 425352610
cfn=(506) route_instruct
calls=85070522 +12 
* 24610944407
+1 425352605
+1 85070521

fn=(326)
63 5
+1 2
+4 2
+1 2
cfn=(328)
calls=1 +15 
* 116374
* 1
+1 7
cfn=(378)
calls=1 +26 
* 31091577525

fn=(396)
210 6
+1 1
+1 2
+2 4
cob=(3)
cfi=(77)
cfn=(402)
calls=1 107 
* 504
cob=(1)
cfi=(55)
cfn=(282)
calls=1 30 
* 1321
* 5
* 1
+1 2
+1 90330
cob=(3)
cfi=(84)
cfn=(434)
calls=30110 37 
* 1174610
cob=(1)
cfi=(55)
cfn=(282)
calls=1 30 
* 1447
* 30114
* 30110
+1 210770
cfi=(89)
cfn=(464)
calls=30110 93 
* 1686160
* 30110
+1 90330
cob=(3)
cfi=(84)
cfn=(434)
calls=30110 37 
* 1174290
* 30110
* 30110
+1 210770
cfi=(89)
cfn=(464)
calls=30110 93 
* 1686160
* 30110
+1 90330
cob=(3)
cfi=(84)
cfn=(434)
calls=30110 37 
* 1174290
* 30110
* 30110
+1 210770
cfi=(89)
cfn=(464)
calls=30110 93 
* 1686160
* 30110
+1 90330
cob=(3)
cfi=(84)
cfn=(434)
calls=30110 37 
* 1174290
* 30110
* 30110
+1 210770
cfi=(89)
cfn=(464)
calls=30110 93 
* 1535610
* 30110
+2 210770
cfi=(72)
cfn=(468)
calls=30110 -97 
* 1776490
-10 120443
+12 3
cob=(3)
cfi=(90)
cfn=(476)
calls=1 43 
* 426
cob=(1)
cfi=(55)
cfn=(282)
calls=1 30 
* 1489
* 5
+1 2

fn=(380)
189 4
+3 5
cfi=(54)
cfn=(382)
calls=1 0 
* 1567
* 2
+5 2
+2 4
+4 6
+1 2

fn=(506)
118 425352610
+1 425352610
cfi=(89)
cfn=(508)
calls=85070522 -36 
* 3062538792
* 85070522
+1 425352610
cfi=(89)
cfn=(508)
calls=85070522 -37 
* 3062538792
* 85070522
+1 425352610
cfi=(89)
cfn=(508)
calls=85070522 -38 
* 3062538792
* 85070522
+1 425352610
cfi=(89)
cfn=(508)
calls=85070522 -39 
* 3062538792
* 85070522
+1 510423132
+1 510423132
+1 510423132
+3 510423132
+2 16478514
cfi=(91)
cfn=(522)
calls=2746419 22 
* 40059529
+1 2746419
+2 136229128
cfi=(91)
cfn=(516)
calls=19461304 33 
* 1479059104
+1 19461304
+2 113405236
cfi=(91)
cfn=(514)
calls=16200748 -94 
* 1247457596
+1 16200748
+2 18846240
cfi=(91)
cfn=(520)
calls=3141040 -91 
* 43974560
+1 3141040
+2 629490
cfi=(91)
cfn=(526)
calls=104915 -86 
* 1468810
+1 104915
+2 1022016
cfi=(91)
cfn=(528)
calls=170336 -83 
* 2725376
+1 170336
+2 25775340
cfi=(91)
cfn=(518)
calls=4295890 -78 
* 68734240
+1 4295890
+2 3
cfn=(586) UM_free
calls=1 +81 
* 2288459
+1 2
cfi=(91)
cfn=(596)
calls=1 -76 
* 7250
+3 9903838
cfi=(91)
cfn=(524)
calls=1414834 -71 
* 527167139
+1 1414834
+2 8460270
cfi=(91)
cfn=(530)
calls=1410045 -68 
* 381836463
+1 1410045
+2 543
cfi=(91)
cfn=(564)
calls=181 -63 
* 19448
+1 181
+5 24997763
cfi=(91)
cfn=(512)
calls=3571109 -47 
* 42853308
+2 17855545
+1 3571109
+2 162768500
cfi=(89)
cfn=(508)
calls=32553700 -89 
* 1171933200
* 32553700
+1 162768500
cfi=(89)
cfn=(508)
calls=32553700 -90 
* 1171933200
* 32553700
+2 195322200
+1 162768500
cfi=(91)
cfn=(510)
calls=32553700 -45 
* 292983300
+1 32553700
+6 170141042

fn=(586)
232 4
+1 4
cfi=(72)
cfn=(588) Segment_free
calls=1 53 
* 2288270
+1 5
cob=(3)
cfi=(63)
cfn=(498)
calls=1 3694 
* 84
* 1
+1 4
cob=(3)
cfi=(63)
cfn=(498)
calls=1 3694 
* 84
* 1
+1 2

fl=(72)
fn=(390)
70 7074175
+2 8489010
cob=(3)
cfi=(63)
cfn=(334)
calls=1414835 3646 
* 146842887
* 1414835
* 1414835
+1 2829670
+1 49771675
-1 55431015
+4 4244505
+1 4244505
+2 4244505
+1 4244505
+1 4244505
cfi=(73)
cfn=(392)
calls=1414835 -32 
* 14148350
* 1414835
+1 4244505
cfi=(73)
cfn=(392)
calls=1414835 -33 
* 14148350
* 1414835
+5 2829670
+1 63
+1 126000
cfi=(73)
cfn=(376)
calls=21000 -1 
* 882000
-1 105084
+4 4244505
cfi=(73)
cfn=(394)
calls=1414835 -15 
* 70741750
* 1414835
+2 4244505
+1 105245
cfi=(73)
cfn=(376)
calls=21049 -7 
* 989757
* 21049
+3 8362716
cfi=(73)
cfn=(540)
calls=1393786 -39 
* 76658230
+3 1414835
+1 2829670

fn=(504)
120 627190956
+2 627190956
cfi=(73)
cfn=(470)
calls=104531826 -68 
* 3658613910
* 104531826
+1 731722782
+1 209063652

fn=(588)
53 4
+1 5
cfi=(73)
cfn=(392)
calls=1 -4 
* 10
* 1
+3 2
+1 147343
cfi=(73)
cfn=(470)
calls=21049 -4 
* 736715
* 42098
cob=(3)
cfi=(63)
cfn=(498)
calls=21049 3694 
* 1256342
* 21049
-1 84199
+4 5
cfi=(73)
cfn=(590)
calls=1 -16 
* 201
+1 4
cfi=(73)
cfn=(590)
calls=1 -17 
* 201
+1 4
cob=(3)
cfi=(63)
cfn=(498)
calls=1 3694 
* 84
* 1
+1 2

fn=(468)
128 113616006
+1 97385148
cfi=(73)
cfn=(470)
calls=16230858 -75 
* 568080030
* 16230858
+1 129846864
+1 32461716

fn=(532)
109 7050225
+3 9870315
cfi=(73)
cfn=(534)
calls=1410045 -14 
* 73035014
+1 8460270
cfi=(73)
cfn=(470)
calls=1410045 -59 
* 49351575
* 1410045
+1 4230135
cob=(3)
cfi=(63)
cfn=(498)
calls=1410045 3694 
* 118443900
cob=(1)
cfi=(55)
cfn=(282)
calls=1 -84 
* 1470
* 1410049
+1 9870315
cfi=(73)
cfn=(540)
calls=1410045 -55 
* 77552475
+1 2820090

fn=(360)
33 3
+2 2
cob=(3)
cfi=(63)
cfn=(334)
calls=1 3646 
* 204
* 1
* 1
+1 3
+1 2
cfi=(73)
cfn=(362)
calls=1 -11 
* 1954
* 1
+1 2
cfi=(73)
cfn=(362)
calls=1 -12 
* 535
* 1
+2 2
+1 6000
cfi=(73)
cfn=(376)
calls=1000 +48 
* 42000
-1 3002
+4 3
+1 3
+2 1
+1 2

fl=(74)
fn=(372)
8 16
+3 6
cob=(3)
cfi=(63)
cfn=(334)
calls=2 3646 
* 372
* 2
* 2
+1 4
+7 2
+1 4

fn=(546) Mem_resize
41 110
+3 50
cob=(3)
cfi=(63)
cfn=(552)
calls=10 3745 
* 1187138
cob=(1)
cfi=(55)
cfn=(282)
calls=1 -14 
* 1420
* 14
* 10
+1 20
+7 10
+1 20

fn=(594) Mem_free
36 24
+1 8
+1 12
cob=(3)
cfi=(63)
cfn=(498)
calls=4 3694 
* 252
* 4
+1 8

fn=(364)
22 22
+4 10
cob=(3)
cfi=(63)
cfn=(370)
calls=2 4040 
* 488
cob=(1)
cfi=(55)
cfn=(282)
calls=1 +4 
* 1415
* 6
* 2
+1 4
+7 2
+1 4

fl=(75)
fn=(592)
29 12
+1 8
-1 2
+2 14
cfi=(74)
cfn=(594)
calls=2 +5 
* 112
* 6
+1 12
cfi=(74)
cfn=(594)
calls=2 +4 
* 196
* 4
+1 4

fn=(374)
18 22
+2 4
-2 4
+4 6
+1 6
+1 4
+1 8
+3 4

fn=(544)
47 100
+3 20
+2 40
+3 110
cfi=(74)
cfn=(546)
calls=10 -14 
* 1188792
* 30
+1 30
+1 40

ob=(6) /usr/lib64/libnetpbm.so.10.47
fl=(53) ???
fn=(656) 0x00000030d4a0b450
0 10
cob=(3)
cfi=(96)
cfn=(638)
calls=1 31 
0 62
cob=(1)
cfi=(55)
cfn=(282)
calls=1 30 
0 1529
0 5
0 13

fn=(260) 0x00000030d4a0b4d0
0 6

fn=(254) 0x00000030d4a0b430
0 6

fn=(266) 0x00000030d4a21bf0
0 11

ob=(4) /usr/sup/valgrind-3.10.1/lib/valgrind/vgpreload_core-amd64-linux.so
fl=(43) ???
fn=(204) 0x0000000000000760
0 12

fn=(194) 0x00000000000005f0
0 16

fn=(626) 0x0000000000000570
0 10
cob=(3)
cfi=(96)
cfn=(638)
calls=1 31 
0 62
cob=(1)
cfi=(55)
cfn=(282)
calls=1 30 
0 1183
0 5
0 9
cfn=(646) 0x0000000000000500
calls=1 0 
0 9
0 5

fn=(646)
0 9

fn=(188) 0x00000000000004e0
0 6

ob=(2)
fl=(12)
fn=(296)
0 2
cob=(7)
cfi=(54)
cfn=(298)
calls=1 0 
0 6
0 1
cob=(7)
cfi=(54)
cfn=(304)
calls=1 0 
0 15
0 1
cob=(7)
cfi=(54)
cfn=(314)
calls=1 0 
0 12
0 2

fn=(674)
0 2
cob=(5)
cfi=(52)
cfn=(676)
calls=1 0 
0 1619
0 2

fn=(186)
0 2
cob=(4)
cfi=(43)
cfn=(188)
calls=1 0 
0 6
0 1
cob=(4)
cfi=(43)
cfn=(194)
calls=1 0 
0 16
0 1
cob=(4)
cfi=(43)
cfn=(204)
calls=1 0 
0 12
0 2

fn=(624)
0 2
cob=(4)
cfi=(43)
cfn=(626)
calls=1 0 
0 1283
0 2

fn=(232)
0 2
cob=(5)
cfi=(52)
cfn=(234)
calls=1 0 
0 6
0 1
cob=(5)
cfi=(52)
cfn=(240)
calls=1 0 
0 6
0 1
cob=(5)
cfi=(52)
cfn=(246)
calls=1 0 
0 11
0 2

fn=(608)
0 2
cob=(7)
cfi=(54)
cfn=(610)
calls=1 0 
0 27
0 2

fn=(252)
0 2
cob=(6)
cfi=(53)
cfn=(254)
calls=1 0 
0 6
0 1
cob=(6)
cfi=(53)
cfn=(260)
calls=1 0 
0 6
0 1
cob=(6)
cfi=(53)
cfn=(266)
calls=1 0 
0 11
0 2

fn=(654)
0 2
cob=(6)
cfi=(53)
cfn=(656)
calls=1 0 
0 1619
0 2

totals: 31092026985
